51
119
137
208
222
224
256
257
469
525
619
838
904
905
909
910
911
912
913
1110
1130
1144
1149
1151
1272
1298
1327
1392
1420
1431
1471
1473
1494
1540
1544
1562
1695
1753
1875
1910
1940
2077
2092
2115
2118
2119
2219
2233
2244
2256
2389
2395
2733
2735
2772
2823
2904
2938
3076
3082
3117
3167
3214
3215
3224
3249
3299
3300
3310
3379
3400
3425
3426
3511
3551
3558
3560
3632
3633
3634
3635
3734
3758
3924
3992
4064
4067
4170
4209
4227
4302
4351
4353
4358
4362
4363
4431
4433
4484
4485
4486
4488
4498
4524
4537
4538
4539
4540
4544
4546
4592
4675
4726
4772
4773
4914
4915
4978
5102
5158
5170
5384
5388
5434
5440
5528
5612
5696
5900
5987
6007
6111
6114
6197
6207
6242
6257
6258
6259
6298
6301
6302
6320
6377
6441
6498
6514
6540
6609
6642
6643
6644
6645
6729
6735
6956
6991
6998
7151
7169
7190
7198
7289
7294
7550
7625
7663
7941
7947
7964
7966
8061
8088
8091
8234
8293
8295
8390
8391
8392
8415
8416
8417
8575
8629
8716
8804
8813
8814
8830
8950
8956
8957
8958
9187
9197
9198
9232
9236
9237
9248
9291
9292
9293
9294
9311
9352
9436
9437
9438
9439
9443
9470
9478
9500
9575
9791
9945
10023
10317
10319
10378
10406
10411
10412
10450
10452
10453
10454
10486
10538
10617
10618
10619
10620
10621
10704
10729
10757
10769
10770
10771
10772
10773
10790
10791
10834
10851
10907
11032
11037
11079
11091
11128
11147
11153
11241
11242
11243
11244
11258
11273
11430
11445
11465
11482
11505
11575
11655
11737
11816
11863
11926
11971
12052
12053
12054
12055
12131
12160
12171
12286
12287
12312
12318
12319
12320
12334
12465
12501
12522
12634
12654
12655
12671
12672
12753
12762
12859
12914
12916
12917
12918
13124
13127
13128
13332
13384
13388
13396
13449
13459
13588
13590
13591
13592
13609
13617
13618
13654
13825
13846
13891
13940
13989
13999
14001
14060
14061
14081
14290
14521
14522
14523
14598
14609
14614
14630
14650
14780
14799
14801
14816
14824
14874
14949
15029
15038
15042
15043
15044
15060
15072
15178
15224
15227
15228
15270
15278
15293
15507
15513
15676
15677
15689
15690
15692
15713
15753
15762
15765
15767
15799
15857
15909
15958
15981
16097
16098
16144
16181
16182
16301
16302
16310
16312
16409
16410
16432
16439
16468
16512
16543
16623
16641
16642
16659
16755
16765
16794
16851
16860
16861
16882
16967
16974
17171
17232
17310
17311
17387
17399
17440
17454
17465
17471
17481
17482
17552
17689
17690
17691
17732
17768
17886
17970
17984
17987
17988
18089
18143
18144
18198
18273
18315
18392
18472
18488
18585
18615
18812
18814
18815
18866
18869
18870
18894
18945
18946
19059
19129
19133
19138
19177
19193
19199
19201
19275
19307
19310
19337
19499
19531
19537
19566
19586
19595
19624
19639
19665
19782
19835
19840
20075
20083
20085
20097
20144
20238
20256
20268
20326
20356
20486
20577
20834
20847
21008
21009
21028
21029
21030
21031
21089
21100
21106
21108
21195
21206
21207
21214
21216
21333
21334
21335
21402
21440
21575
21616
21617
21619
21664
21751
21831
21838
21897
21898
21912
21943
22029
22049
22053
22099
22117
22123
22125
22189
22190
22191
22287
22305
22331
22332
22362
22428
22517
22518
22519
22547
22549
22554
22595
22623
22626
22711
22713
22714
22715
22786
22898
23001
23006
23019
23051
23207
23208
23212
23213
23214
23218
23261
23264
23345
23351
23352
23353
23413
23414
23437
23456
23503
23613
23622
23624
23783
23839
23840
23841
23842
23869
23936
24171
24178
24226
24369
24374
24375
24394
24401
24403
24404
24414
24464
24525
24570
24625
24628
24629
24631
24688
24703
24746
24752
24899
24902
24903
24911
24967
24983
24994
25129
25278
25323
25361
25362
25363
25384
25459
25460
25463
25483
25539
25710
25817
25827
25934
25972
26000
26117
26155
26212
26410
26446
26455
26485
26561
26562
26565
26566
26567
26571
26572
26587
26749
26750
26772
26773
26829
26846
26862
27112
27120
27122
27157
27187
27213
27224
27225
27300
27304
27305
27306
27401
27595
27632
27633
27634
27690
27694
27695
27739
27833
27852
27908
27970
27973
27974
27981
28005
28141
28143
28151
28200
28201
28205
28206
28207
28208
28209
28234
28254
28270
28273
28277
28278
28290
28321
28334
28356
28377
28392
28429
28443
28474
28534
28544
28545
28593
28595
28610
28615
28702
28738
28787
28789
28832
28833
28918
28935
28965
28966
28985
29008
29011
29012
29016
29125
29128
29130
29132
29164
29252
29260
29280
29299
29304
29306
29319
29327
29362
29396
29414
29596
29611
29710
29713
29716
29778
29789
29875
29960
29970
29971
29972
29974
30101
30127
30140
30224
30269
30364
30385
30421
30440
30441
30451
30470
30472
30473
30475
30476
30590
30608
30611
30612
30622
30623
30624
30626
30687
30689
30758
30775
30905
30907
30955
31214
31216
31238
31243
31284
31288
31320
31342
31344
31543
31545
31546
31631
31664
31704
31736
31757
31802
31819
31827
31829
32143
32145
32146
32147
32150
32255
32355
32387
32430
32451
32470
32471
32480
32481
32482
32483
32484
32524
32538
32541
32542
32544
32545
32548
32549
32573
32592
32613
32614
32617
32629
32643
32650
32656
32657
32659
32699
32700
32702
32703
32712
32781
33046
33053
33056
33060
33061
33062
33063
33095
33100
33101
33102
33104
33105
33106
33255
33286
33309
33310
33311
33324
33475
33504
33557
33577
33604
33626
33631
33633
33695
33696
33700
33701
33745
33855
33907
33976
34031
34193
34197
34198
34199
34297
34336
34339
34453
34570
34635
34665
34691
34762
34763
34765
34859
35058
35078
35146
35157
35159
35184
35206
35207
35208
35334
35361
35378
35388
35403
35411
35413
35421
35448
35452
35465
35507
35535
35643
35652
35712
35714
35818
35913
35958
36007
36018
36048
36142
36181
36211
36215
36216
36222
36345
36365
36374
36486
36619
36680
36723
36781
36782
36783
36817
36818
36819
36820
36821
36928
36934
36971
37073
37093
37155
37156
37157
37158
37159
37163
37226
37288
37319
37320
37400
37401
37402
37453
37461
37473
37480
37489
37491
37493
37494
37571
37572
37578
37607
37608
37609
37610
37626
37631
37640
37727
37799
37924
38001
38002
38003
38016
38033
38039
38087
38095
38246
38247
38249
38314
38338
38407
38440
38455
38493
38502
38513
38555
38808
38809
38810
38811
38848
38921
38924
38925
38940
39065
39075
39078
39102
39108
39115
39155
39158
39159
39160
39171
39173
39174
39409
39410
39411
39412
39450
39463
39470
39471
39485
39527
39528
39569
39574
39603
39604
39605
39606
39608
39609
39790
39910
40016
40017
40019
40021
40088
40121
40122
40125
40126
40135
40256
40418
40451
40533
40536
40566
40567
40568
40649
40670
40729
40779
40780
40858
40861
40897
40918
41013
41201
41220
41237
41268
41277
41304
41490
41505
41506
41556
41624
41628
41629
41687
41735
41739
41765
41851
41854
41939
42021
42181
42190
42191
42195
42321
42337
42338
42358
42470
42483
42506
42507
42537
42635
42775
42777
42863
42885
42886
42932
42968
43088
43089
43090
43091
43092
43254
43338
43379
43446
43450
43490
43557
43559
43560
43566
43609
43654
43684
43748
43782
43833
43834
43888
43895
44100
44103
44108
44118
44129
44169
44170
44172
44173
44206
44209
44210
44211
44248
44249
44251
44303
44305
44434
44447
44448
44499
44598
44665
44725
44727
44772
44787
44790
44791
44792
44808
44816
44878
44881
44920
44936
44939
44940
44992
45006
45011
45031
45035
45052
45183
45186
45187
45209
45292
45293
45294
45339
45343
45345
45403
45404
45524
45525
45528
45557
45578
45582
45634
45635
45642
45662
45668
45691
45699
45701
45702
45717
45756
45759
45765
45898
45899
45903
45961
45967
45997
46005
46057
46161
46162
46163
46213
46269
46270
46280
46305
46324
46325
46326
46327
46410
46411
46412
46465
46497
46498
46644
46852
46867
46868
46870
46871
46872
46878
46890
46894
46895
46918
46925
46927
46930
46932
46933
46967
46969
46970
46971
47193
47197
47203
47248
47312
47313
47350
47398
47404
47467
47491
47493
47519
47578
47601
47610
47714
47767
47795
47796
47933
47965
47971
47986
47989
48001
48002
48107
48161
48197
48213
48214
48215
48232
48304
48365
48405
48424
48589
48669
48708
48721
48723
48724
48772
48848
48905
48907
48908
48909
48929
48945
48958
48986
48989
49106
49152
49229
49232
49273
49288
49407
49425
49426
49427
49428
49430
49579
49580
49581
49708
49710
49754
49755
49758
49759
49760
49780
49794
49800
49803
49837
49838
49839
49840
49885
49955
49956
50005
50098
50099
50149
50150
50160
50231
50320
50322
50325
50326
50327
50328
50369
50404
50429
50565
50598
50626
50634
50652
50654
50701
50753
50815
50952
51047
51048
51050
51114
51115
51123
51124
51126
51127
51129
51166
51168
51169
51185
51215
51219
51256
51263
51264
51265
51309
51312
51333
51353
51430
51596
51601
51603
51637
51638
51639
51640
51641
51642
51765
51861
51886
51931
51994
52023
52026
52027
52029
52048
52064
52088
52145
52146
52147
52216
52244
52364
52406
52407
52408
52416
52434
52452
52478
52488
52598
52712
52719
52722
52779
52783
52784
52790
52865
52866
52954
52956
52957
53060
53085
53166
53182
53195
53269
53270
53309
53444
53471
53497
53511
53512
53513
53514
53530
53532
53534
53535
53582
53585
53685
53687
53713
53714
53715
53848
53921
53988
53990
53991
53992
54122
54153
54154
54156
54157
54158
54181
54215
54301
54308
54344
54438
54459
54474
54493
54495
54526
54533
54659
54707
54730
54737
54739
54748
54778
54779
54780
54798
54814
54852
54853
54854
54896
54900
54902
54903
54905
54989
54990
55073
55125
55145
55265
55267
55269
55321
55380
55382
55406
55411
55412
55442
55452
55525
55615
55616
55705
55707
55708
55709
55710
55752
55754
55781
55849
55853
55854
55888
55913
55930
55943
55948
55962
55982
55983
56039
56078
56079
56115
56131
56133
56142
56174
56289
56291
56359
56421
56423
56428
56429
56435
56443
56544
56618
56619
56667
56709
56797
56805
56820
56858
56974
57021
57025
57027
57031
57032
57197
57244
57293
57300
57322
57374
57397
57443
57444
57445
57455
57462
57531
57562
57563
57571
57600
57620
57706
57759
57763
57779
57780
57781
57801
57811
57862
57946
57952
58000
58001
58022
58023
58024
58025
58026
58027
58028
58029
58030
58077
58120
58127
58147
58202
58223
58256
58432
58466
58522
58530
58531
58532
58533
58534
58535
58564
58569
58576
58620
58622
58710
58713
58810
58812
58966
58967
58998
59004
59016
59036
59042
59092
59143
59305
59357
59365
59422
59519
59520
59522
59534
59578
59618
59619
59698
59738
59771
59786
59837
59838
59889
59906
59936
59991
60234
60327
60329
60331
60404
60409
60475
60512
60564
60590
60594
60596
60729
60899
60903
60904
60906
61006
61027
61028
61108
61185
61295
61320
61329
61384
61468
61574
61580
61605
61642
61696
61782
61807
61810
61900
61902
61905
61906
61907
61908
61909
61983
62053
62122
62154
62230
62277
62455
62464
62465
62472
62487
62488
62489
62500
62501
62504
62577
62578
62706
62724
62725
62773
62779
62844
62920
62953
62954
62955
62956
63000
63011
63012
63014
63015
63016
63150
63151
63168
63179
63391
63393
63394
63427
63428
63429
63430
63435
63471
63532
63535
63564
63596
63631
63689
63692
63693
63702
63729
63734
63768
63773
63774
63775
63776
63777
63778
64004
64029
64030
64032
64121
64173
64251
64252
64253
64282
64283
64284
64306
64307
64326
64357
64639
64655
64791
64899
64921
64926
64927
64928
64946
64948
64952
64980
65098
65099
65100
65119
65148
65157
65158
65159
65234
65295
65300
65305
65309
65310
65312
65623
65629
65632
65638
65641
65642
65705
65707
65708
65710
65712
65822
65845
65967
66051
66071
66072
66081
66118
66135
66167
66205
66208
66209
66210
66211
66237
66238
66328
66336
66344
66395
66396
66397
66457
66468
66589
66851
66910
66911
66912
66990
67052
67083
67084
67166
67172
67284
67367
67369
67398
67447
67558
67559
67562
67692
67707
67709
67712
67714
67742
67744
67745
67802
67806
67897
67924
67925
67973
67974
68008
68009
68010
68059
68067
68112
68149
68397
68415
68425
68437
68438
68587
68643
68644
68649
68712
68713
68714
68856
68859
68888
68928
68929
68930
68931
68969
69024
69076
69077
69078
69094
69100
69117
69127
69132
69161
69187
69193
69194
69196
69197
69198
69394
69438
69445
69449
69450
69452
69453
69454
69530
69630
69632
69636
69637
69640
69641
69642
69643
69658
69673
69802
69803
69876
69942
69990
70011
70012
70042
70063
70144
70148
70262
70266
70267
70268
70385
70392
70393
70412
70447
70485
70546
70551
70578
70620
70638
70641
70642
70730
70731
70732
70733
70734
70735
70807
70842
70874
70875
70949
71019
71057
71058
71103
71182
71191
71192
71193
71317
71361
71362
71366
71410
71411
71412
71413
71461
71462
71562
71563
71564
71565
71566
71588
71595
71596
71598
71610
71611
71620
71622
71673
71674
71675
71757
71805
71810
71811
71813
71814
71815
71816
71832
71848
71872
71880
71993
71997
71999
72023
72092
72095
72097
72098
72099
72195
72284
72287
72288
72289
72299
72321
72325
72432
72473
72474
72483
72484
72520
72620
72744
72750
72751
72754
72755
72756
72855
72858
72859
72860
72861
72862
72863
72882
72890
72916
72958
72959
72996
72997
73022
73135
73147
73267
73361
73365
73368
73369
73385
73387
73577
73589
73590
73591
73618
73623
73666
73669
73671
73672
73735
73783
73785
73786
73787
73816
73870
73882
73894
73929
74012
74052
74089
74110
74113
74139
74140
74141
74142
74143
74152
74154
74239
74292
74312
74359
74362
74411
74531
74535
74543
74569
74691
74720
74722
74723
74725
74726
74727
74728
74739
74863
74865
74867
74869
74870
74871
74872
74928
74995
74999
75000
75024
75131
75217
75225
75233
75276
75277
75278
75306
75403
75411
75412
75413
75438
75443
75519
75607
75617
75849
76057
76193
76196
76222
76246
76267
76288
76320
76374
76510
76524
76531
76581
76587
76627
76628
76630
76652
76653
76845
76948
76953
76954
76955
76956
76959
76960
76963
76966
77030
77082
77109
77131
77133
77134
77243
77340
77518
77535
77548
77549
77552
77553
77567
77610
77620
77710
77752
77843
77846
77865
77866
77867
77874
77912
78028
78136
78138
78139
78217
78371
78373
78374
78376
78398
78496
78503
78531
78538
78599
78601
78602
78644
78645
78677
78678
78717
78811
78812
78909
78910
78941
78949
78952
79015
79020
79044
79046
79058
79076
79091
79092
79094
79095
79096
79097
79176
79316
79330
79389
79399
79405
79406
79407
79408
79409
79410
79440
79443
79475
79498
79618
79625
79628
79629
79633
79712
79713
79724
79755
79758
79824
79828
79829
79867
79979
79992
80003
80004
80013
80069
80074
80106
80113
80187
80325
80350
80351
80354
80361
80362
80369
80423
80553
80570
80571
80591
80606
80609
80610
80648
80649
80702
80722
80819
80866
80908
80920
80929
80932
80933
80934
80981
81087
81088
81158
81172
81235
81241
81242
81243
81244
81266
81285
81303
81315
81398
81401
81402
81406
81408
81409
81410
81411
81433
81435
81437
81458
81480
81501
81575
81609
81733
81735
81961
81964
81969
81971
82034
82035
82041
82053
82063
82065
82066
82067
82068
82082
82177
82207
82260
82261
82290
82291
82292
82328
82330
82335
82341
82348
82350
82364
82383
82387
82389
82482
82488
82489
82551
82585
82586
82587
82633
82669
82713
82715
82716
82739
82762
82764
82772
82793
82937
82938
82939
82940
82984
83002
83006
83007
83083
83134
83197
83210
83216
83219
83220
83291
83308
83411
83461
83463
83468
83469
83533
83563
83594
83599
83626
83695
83707
83714
83756
83798
83799
83800
83801
83802
83808
83882
83883
83885
83886
83887
83910
83980
84001
84020
84021
84058
84059
84062
84063
84064
84065
84066
84067
84072
84129
84130
84133
84135
84148
84149
84199
84201
84228
84275
84277
84305
84344
84366
84432
84451
84480
84506
84521
84543
84544
84547
84644
84646
84818
84822
84945
84946
84999
85026
85027
85028
85029
85030
85113
85114
85115
85134
85192
85193
85194
85197
85198
85199
85244
85297
85298
85299
85320
85368
85427
85519
85521
85523
85524
85525
85526
85570
85653
85659
85681
85682
85684
85714
85754
85863
85864
85865
85870
85947
85949
85956
86173
86174
86244
86259
86309
86364
86420
86421
86431
86440
86452
86483
86484
86486
86487
86488
86489
86525
86526
86528
86529
86530
86642
86643
86650
86674
86727
86838
86894
86917
86926
86936
86946
86952
87035
87036
87037
87057
87086
87099
87115
87118
87153
87154
87159
87160
87175
87176
87177
87221
87256
87295
87416
87432
87624
87820
87822
87902
87903
87909
87928
87970
88010
88011
88045
88090
88104
88112
88161
88162
88163
88164
88165
88166
88246
88248
88249
88250
88251
88334
88396
88500
88501
88502
88503
88704
88737
88739
88742
88743
88745
88747
88748
88811
88813
88814
88815
88863
88880
88959
89005
89062
89270
89271
89272
89273
89274
89280
89281
89282
89283
89284
89298
89311
89332
89333
89334
89335
89336
89362
89363
89413
89418
89480
89494
89503
89537
89538
89540
89579
89581
89638
89639
89641
89642
89643
89644
89698
89756
89767
89768
89815
89824
89830
89918
89990
89991
90122
90123
90125
90148
90152
90156
90158
90179
90218
90468
90498
90507
90532
90540
90585
90768
90774
90844
90941
90964
90965
90966
91020
91021
91022
91023
91024
91025
91031
91036
91049
91077
91087
91189
91256
91257
91266
91308
91315
91333
91334
91336
91337
91338
91346
91347
91348
91349
91350
91358
91373
91490
91491
91622
91637
91682
91852
91883
91931
91976
91977
92073
92083
92106
92107
92122
92124
92183
92190
92191
92192
92195
92210
92212
92213
92214
92215
92296
92319
92320
92342
92344
92345
92401
92406
92407
92408
92459
92461
92465
92467
92470
92516
92546
92605
92606
92655
92656
92657
92669
92670
92671
92742
92754
92778
92779
92781
92782
92783
92784
92790
92886
92892
92907
92943
92945
92980
93037
93065
93073
93077
93092
93093
93095
93096
93097
93098
93139
93153
93182
93259
93260
93261
93287
93329
93330
93331
93342
93434
93435
93449
93468
93473
93474
93477
93478
93479
93505
93566
93567
93569
93685
93686
93708
93777
93800
93801
93816
93836
93904
93913
93917
93918
93920
93921
93922
93923
93925
93927
93928
93929
93930
93931
93932
93965
94002
94004
94061
94175
94195
94201
94203
94204
94205
94211
94315
94316
94317
94318
94319
94346
94350
94353
94490
94493
94494
94504
94696
94729
94730
94731
94732
94733
94739
94809
94858
94968
94969
94970
94971
94972
95187
95457
95558
95623
95701
95713
95733
95734
95735
95753
95868
95886
96022
96024
96043
96155
96331
96396
96397
96432
96435
96444
96636
96652
96653
96753
96754
96834
96835
96842
96957
96973
97015
97016
97018
97019
97044
97046
97077
97103
97203
97215
97252
97336
97338
97407
97424
97627
97640
97668
97728
97918
97933
97951
97956
97957
97959
97960
97961
98017
98156
98241
98282
98297
98298
98299
98300
98301
98302
98340
98409
98517
98538
98606
98619
98620
98621
98627
98628
98629
98630
98643
98710
98718
98724
98990
99058
99062
99070
99071
99073
99074
99075
99076
99098
99133
99145
99147
99170
99171
99172
99173
99174
99175
99183
99185
99189
99190
99191
99192
99193
99436
99504
99505
99671
99673
99674
99675
99741
99761
99762
99903
99904
99907
99908
99909
99910
99923
99939
100056
100097
100162
100163
100165
100166
100167
100168
100201
100324
100334
100394
100401
100428
100664
100666
100667
100690
100773
100832
100914
100919
101003
101007
101008
101009
101010
101011
101035
101041
101042
101043
101044
101045
101055
101157
101390
101393
101406
101407
101408
101409
101418
101425
101428
101433
101434
101435
101436
101437
101438
101518
101568
101570
101653
101662
101704
101709
101712
101713
101715
101759
101760
101766
101792
101796
101797
101830
101831
101832
101833
101928
101949
102011
102013
102021
102171
102173
102246
102247
102254
102297
102416
102454
102456
102457
102479
102481
102483
102493
102497
102547
102600
102661
102670
102703
102706
102707
102708
102767
102775
102776
102777
102804
102841
102852
102865
102869
102871
102921
102923
102926
102928
102929
102930
103008
103009
103028
103032
103033
103035
103036
103037
103038
103120
103208
103228
103250
103315
103346
103355
103459
103460
103556
103578
103632
103647
103648
103659
103661
103662
103663
103713
103718
103719
103720
103721
103722
103757
103772
103773
103774
103903
103909
103910
103911
103912
103913
103914
103939
103973
104007
104008
104011
104012
104013
104029
104094
104124
104126
104127
104128
104129
104130
104131
104169
104170
104283
104284
104328
104485
104545
104550
104552
104610
104639
104642
104766
104767
104807
104866
104868
104869
104887
104917
104940
104941
104942
104943
104944
104958
105017
105019
105020
105050
105087
105173
105190
105204
105266
105324
105462
105497
105498
105500
105526
105527
105528
105529
105530
105533
105572
105597
105606
105642
105647
105678
105704
105706
105707
105708
105712
105723
105724
105725
105800
105912
105973
105974
105975
106058
106164
106177
106209
106225
106226
106227
106228
106229
106499
106547
106649
106654
106655
106713
106714
106716
106717
106718
106724
106761
106872
106877
106883
106884
106886
106887
106888
106889
106917
106984
106986
106987
107021
107096
107187
107210
107462
107577
107587
107595
107597
107598
107599
107608
107658
107700
107703
107704
107706
107707
107708
107709
107733
107734
107827
107916
107918
107920
107959
107982
107983
107984
108020
108087
108095
108099
108100
108102
108103
108104
108105
108136
108149
108150
108165
108179
108317
108318
108513
108515
108562
108711
108825
108830
108875
108901
108996
109068
109069
109176
109180
109182
109183
109241
109242
109276
109278
109279
109280
109281
109285
109292
109293
109294
109295
109296
109314
109432
109433
109435
109458
109467
109472
109485
109487
109488
109489
109499
109516
109709
109710
109711
109712
109774
109866
109867
109868
109870
110030
110059
110069
110121
110142
110143
110144
110145
110146
110147
110173
110179
110187
110240
110359
110360
110386
110452
110457
110458
110534
110535
110589
110591
110595
110612
110613
110614
110619
110649
110688
110704
110705
110707
110725
110899
110924
110960
111007
111008
111009
111010
111011
111061
111067
111073
111114
111237
111238
111303
111340
111375
111377
111425
111426
111427
111429
111430
111431
111433
111444
111510
111511
111512
111513
111514
111515
111544
111546
111575
111632
111634
111671
111740
111742
111809
111810
111884
111908
111943
111959
111961
111971
112144
112154
112170
112309
112310
112311
112327
112328
112329
112474
112478
112631
112672
112673
112674
112693
112768
112770
112865
112889
112899
112919
112920
112921
112949
112952
112957
112960
113027
113041
113042
113055
113056
113057
113062
113063
113107
113108
113109
113126
113311
113314
113317
113318
113319
113360
113363
113364
113367
113368
113369
113432
113597
113663
113668
113669
113670
113671
113672
113682
113685
113686
113760
113768
113831
113843
113844
113970
114003
114010
114019
114167
114255
114479
114513
114525
114526
114531
114564
114588
114589
114591
114592
114593
114594
114700
114823
114824
114825
114826
114827
114828
114891
114895
114943
114981
115036
115111
115160
115190
115239
115241
115242
115244
115249
115250
115251
115252
115253
115254
115255
115263
115264
115292
115395
115411
115450
115570
115574
115576
115579
115580
115582
115739
115744
115749
115939
115941
115942
115943
115944
115947
115978
116052
116057
116058
116084
116085
116086
116129
116130
116132
116133
116134
116135
116178
116185
116186
116189
116190
116191
116192
116258
116259
116304
116546
116672
116673
116675
116699
116703
116705
116710
116712
116739
116740
116747
116786
116793
116838
116840
116841
116925
116926
116927
116928
116935
117065
117066
117069
117072
117073
117113
117143
117327
117330
117356
117370
117430
117434
117436
117491
117493
117495
117496
117497
117517
117570
117614
117615
117684
117687
117690
117691
117724
117725
117726
117727
117735
117767
117818
117921
117988
118008
118059
118064
118065
118066
118067
118068
118080
118083
118127
118162
118193
118239
118242
118243
118244
118245
118246
118247
118295
118296
118306
118307
118309
118310
118311
118312
118318
118329
118330
118377
118393
118395
118406
118408
118460
118467
118469
118470
118474
118504
118518
118525
118526
118547
118614
118615
118623
118624
118625
118626
118627
118693
118710
118919
118920
118921
119005
119036
119169
119354
119558
119559
119726
119729
119730
119734
119745
119750
119751
119755
119779
119780
119877
119929
119930
119939
119941
119942
119943
119956
119979
120080
120204
120284
120359
120361
120417
120448
120453
120454
120455
120456
120457
120486
120488
120489
120490
120523
120524
120532
120592
120742
120765
120800
120801
120834
120839
120848
120852
120853
120856
120857
120931
120975
120980
120981
120983
120984
120985
121021
121093
121099
121100
121131
121132
121134
121135
121136
121197
121201
121204
121205
121206
121207
121243
121283
121321
121430
121431
121636
121637
121641
121687
121690
121713
121715
121744
121756
121790
121805
121873
121886
121924
121935
121936
121938
121940
121941
121943
121967
121969
121977
121981
121983
121984
121985
121986
122103
122105
122107
122108
122127
122136
122157
122159
122161
122170
122234
122253
122457
122459
122460
122646
122653
122689
122723
122725
122728
122731
122738
122739
122741
122742
122743
122744
122917
122923
122924
122925
122946
122950
122952
122954
122955
122956
122999
123000
123001
123002
123021
123022
123090
123101
123131
123146
123159
123160
123162
123165
123169
123226
123231
123232
123234
123235
123236
123237
123243
123244
123245
123329
123343
123344
123464
123466
123475
123587
123591
123823
123954
123955
124022
124051
124085
124086
124088
124089
124090
124091
124146
124165
124217
124218
124220
124223
124224
124225
124226
124355
124360
124365
124366
124367
124369
124370
124371
124441
124503
124504
124520
124521
124525
124526
124527
124593
124623
124624
124630
124674
124675
124677
124678
124679
124718
124719
124784
125182
125277
125281
125282
125446
125483
125486
125487
125488
125509
125573
125579
125583
125669
125671
125672
125673
125676
125677
125696
125697
125699
125700
125751
125782
125833
125860
125861
125939
125940
125942
125943
125944
125966
125967
125971
126037
126053
126112
126121
126127
126129
126130
126137
126154
126189
126191
126216
126352
126353
126354
126355
126356
126357
126406
126408
126429
126434
126435
126436
126437
126438
126468
126480
126509
126565
126600
126603
126705
126711
126713
126719
126741
126745
126750
126777
126918
126936
126964
126972
126973
126986
126991
126992
126994
126995
126996
127018
127204
127234
127269
127270
127293
127385
127425
127499
127500
127502
127614
127615
127669
127672
127715
127716
127717
127718
127754
127801
127824
127881
127957
127971
128011
128026
128027
128035
128050
128247
128249
128348
128351
128352
128354
128355
128356
128357
128377
128421
128448
128481
128751
128755
128756
128758
128759
128760
128761
128866
128882
128900
128905
128906
128908
128909
128910
128911
128916
128918
128919
128927
128976
129104
129106
129107
129164
129165
129167
129168
129169
129184
129327
129376
129378
129379
129380
129393
129522
129545
129547
129549
129550
129560
129561
129589
129592
129593
129706
129718
129722
129769
129847
129870
129874
129955
129959
129975
129976
129977
129978
130002
130010
130036
130038
130040
130041
130043
130095
130122
130199
130202
130218
130355
130431
130433
130434
130435
130436
130496
130497
130498
130584
130842
130918
130920
130921
130922
130923
130971
130973
130974
130975
130976
131054
131192
131197
131198
131200
131202
131203
131204
131211
131246
131430
131431
131432
131433
131434
131435
131576
131621
131622
131624
131625
131626
131627
131643
131645
131709
131727
131729
131730
131731
131732
131782
131816
131872
132032
132033
132183
132184
132185
132186
132187
132200
132323
132351
132358
132381
132605
132607
132841
132859
132863
132868
132976
132982
132984
132985
132986
132996
133015
133052
133115
133118
133121
133165
133225
133227
133228
133297
133298
133526
133530
133531
133621
133634
133636
133811
133825
133918
133987
134148
134189
134199
134202
134294
134457
134460
134461
134464
134519
134527
134589
134597
134599
134600
134601
134602
134663
134664
134665
134686
134689
134690
134692
134693
134694
134695
134704
134716
134817
134819
134821
134822
134823
134824
134837
134841
134894
134895
134896
134897
134898
134899
134976
135027
135065
135075
135215
135219
135220
135221
135232
135233
135440
135479
135606
135608
135609
135610
135651
135656
135659
135660
135680
135681
135711
135713
135714
135842
135880
135889
135901
135928
135932
135933
135960
135964
135965
135967
135968
135969
136089
136094
136095
136097
136098
136099
136155
136158
136159
136160
136161
136162
136163
136225
136226
136234
136289
136294
136295
136296
136297
136298
136381
136441
136639
136642
136643
136645
136646
136647
136648
136652
136676
136702
136704
136705
136706
136742
136743
136762
136763
136764
136765
136766
136767
136775
136796
136800
136801
136802
136803
136804
136835
136848
136849
136955
136975
137042
137043
137044
137065
137066
137067
137157
137180
137185
137186
137188
137189
137190
137191
137228
137231
137232
137234
137236
137237
137282
137283
137284
137285
137286
137287
137332
137352
137353
137355
137356
137360
137420
137421
137422
137423
137424
137425
137469
137478
137480
137485
137542
137546
137576
137601
137603
137680
137681
137720
137739
137772
137773
137774
137776
137803
137805
137898
137899
137900
137924
137929
137985
138042
138107
138111
138112
138114
138115
138124
138312
138389
138390
138434
138461
138463
138464
138466
138467
138468
138481
138486
138489
138493
138494
138495
138545
138550
138556
138648
138649
138681
138687
138709
138710
138711
138718
138739
138741
138743
138751
138753
138754
138755
138756
138757
138758
138786
138805
138806
138807
138808
138809
138810
138941
138975
138983
139007
139008
139009
139011
139058
139060
139070
139208
139210
139212
139213
139214
139215
139252
139295
139305
139308
139309
139399
139401
139469
139477
139478
139479
139480
139481
139482
139515
139531
139650
139651
139652
139653
139843
139845
139953
139957
139958
140110
140112
140135
140145
140153
140166
140170
140194
140235
140280
140282
140449
140491
140492
140627
140683
140754
140875
140890
141006
141030
141162
141207
141224
141225
141255
141350
141357
141359
141361
141363
141364
141371
141390
141392
141393
141394
141395
141402
141438
141555
141563
141663
141664
141665
141666
141667
141668
141837
141838
141839
141841
141847
141914
141929
141937
142039
142071
142100
142113
142207
142258
142266
142373
142374
142376
142377
142488
142489
142492
142493
142494
142495
142590
142651
142656
142657
142685
142749
142782
142813
142814
142815
142816
142837
142840
142842
142844
142845
142846
142899
142926
142929
142958
142971
143097
143123
143176
143189
143208
143209
143270
143294
143295
143309
143321
143442
143481
143488
143489
143491
143492
143493
143500
143511
143560
143563
143564
143566
143567
143580
143633
143637
143638
143775
143777
143778
143789
143841
143935
143985
143987
143988
143989
144104
144118
144243
144245
144286
144474
144479
144480
144482
144483
144484
144485
144521
144522
144541
144554
144572
144573
144574
144575
144590
144608
144612
144655
144734
144735
144756
144780
144782
144784
144804
144805
144807
144845
144910
144927
144929
144933
144934
144935
144969
145074
145101
145136
145138
145262
145290
145340
145568
145597
145607
145608
145714
145716
145805
145828
145859
145860
145954
145967
145975
145976
145978
145979
145980
145981
145996
146007
146009
146013
146014
146039
146067
146074
146075
146191
146192
146193
146212
146214
146362
146392
146397
146402
146465
146513
146594
146595
146777
146778
146895
146896
146899
146900
146929
146931
146982
146983
147128
147129
147130
147192
147193
147195
147196
147197
147198
147206
147207
147208
147209
147210
147240
147246
147247
147249
147250
147251
147280
147319
147321
147322
147349
147350
147352
147353
147397
147401
147402
147433
147541
147543
147544
147595
147620
147621
147627
147639
147642
147648
147675
147686
147691
147693
147694
147695
147696
147769
147885
147890
147971
147977
147978
147980
147981
147983
147984
148110
148111
148112
148214
148271
148291
148388
148389
148420
148422
148435
148438
148442
148443
148445
148446
148447
148448
148539
148540
148548
148558
148565
148566
148568
148569
148570
148571
148580
148581
148627
148628
148660
148661
148664
148665
148666
148667
148687
148688
148738
148739
148786
148787
148789
148790
148791
148792
148826
148834
148851
148859
148878
148882
148883
148884
148885
148981
148983
148984
148985
149017
149019
149020
149130
149218
149280
149312
149315
149316
149318
149319
149331
149394
149433
149435
149436
149437
149438
149439
149440
149534
149536
149580
149583
149587
149713
149719
149725
149726
149730
149732
149733
149734
149739
149740
149741
149755
149756
149799
149839
149840
149842
149843
149844
149846
149853
149910
149912
149914
149982
150033
150152
150154
150200
150216
150219
150220
150221
150222
150223
150224
150290
150351
150356
150357
150358
150359
150360
150361
150436
150450
150514
150554
150561
150850
150851
150852
150885
150886
150962
150964
150966
150968
150969
150970
151003
151070
151071
151073
151074
151075
151076
151134
151139
151154
151217
151253
151257
151297
151333
151474
151487
151505
151536
151537
151538
151539
151540
151541
151548
151559
151560
151561
151562
151567
151603
151607
151609
151723
151724
151725
151772
151786
151787
151842
151843
151844
151845
151846
151860
151907
151910
151911
151912
151913
151914
151915
151970
152039
152115
152117
152118
152200
152203
152204
152205
152206
152207
152259
152261
152265
152273
152275
152276
152279
152280
152281
152282
152300
152302
152303
152325
152329
152353
152356
152358
152426
152450
152455
152457
152459
152460
152461
152462
152535
152717
152718
152719
152727
152806
152876
152891
152892
152894
152895
152896
152897
152953
152973
152974
152975
153016
153059
153060
153063
153064
153069
153070
153084
153192
153193
153195
153235
153236
153237
153238
153239
153306
153307
153357
153358
153368
153456
153457
153491
153493
153494
153519
153521
153522
153523
153524
153554
153591
153624
153657
153661
153738
153745
153747
153748
153750
153751
153752
153818
153819
153834
153973
154087
154197
154236
154249
154264
154265
154266
154353
154461
154565
154692
154693
154694
154695
154696
154719
154791
154793
154794
154795
154872
154893
154899
155055
155065
155083
155084
155085
155086
155099
155104
155235
155240
155246
155247
155248
155249
155250
155256
155257
155258
155260
155261
155314
155397
155399
155400
155410
155448
155525
155531
155532
155576
155593
155600
155601
155618
155619
155620
155621
155622
155623
155650
155664
155690
155695
155696
155697
155698
155699
155700
155749
155822
155824
155841
156057
156062
156064
156065
156066
156067
156140
156142
156144
156229
156230
156247
156288
156297
156298
156299
156300
156301
156302
156303
156308
156309
156311
156312
156313
156314
156365
156366
156367
156374
156375
156402
156405
156407
156408
156409
156450
156535
156591
156597
156598
156600
156601
156603
156604
156616
156797
156828
156836
156942
156989
156990
156991
156992
157012
157013
157014
157015
157019
157094
157095
157097
157098
157162
157171
157173
157178
157269
157277
157281
157282
157284
157285
157286
157287
157294
157350
157406
157461
157462
157466
157467
157468
157473
157577
157652
157664
157673
157701
157731
157732
157733
157741
157744
157745
157746
158009
158015
158017
158018
158031
158032
158034
158035
158036
158105
158111
158112
158114
158115
158116
158117
158199
158267
158351
158442
158465
158473
158474
158475
158476
158477
158478
158538
158540
158585
158683
158684
158686
158687
158688
158692
158806
158807
158812
158814
158816
158817
158873
158875
158876
158877
158889
158919
158922
158970
158976
158981
158982
158985
158986
158987
158988
159025
159220
159226
159228
159238
159242
159243
159246
159258
159259
159261
159262
159263
159293
159309
159310
159312
159339
159341
159560
159584
159586
159639
159863
159864
159867
159946
159991
159994
160006
160046
160077
160078
160080
160081
160082
160091
160094
160099
160100
160101
160102
160103
160179
160180
160181
160263
160321
160322
160335
160412
160423
160424
160425
160463
160586
160675
160676
160680
160681
160682
160824
160825
160847
160959
161059
161061
161062
161070
161071
161072
161073
161074
161243
161285
161296
161299
161300
161302
161303
161304
161316
161319
161320
161384
161385
161386
161424
161446
161448
161449
161450
161451
161508
161588
161630
161635
161636
161637
161653
161669
161675
161676
161679
161680
161681
161682
161723
161745
161792
161801
161803
161805
161857
161858
161878
161879
161881
161882
161893
161903
161905
161935
161950
161951
161964
161980
161981
162011
162072
162075
162083
162158
162163
162164
162167
162168
162169
162170
162192
162215
162220
162282
162344
162347
162402
162426
162427
162429
162430
162431
162432
162476
162622
162632
162637
162643
162657
162679
162688
162689
162771
162774
162775
162776
162803
162804
162805
162806
162818
162997
163021
163076
163077
163078
163154
163157
163160
163161
163163
163165
163166
163220
163221
163262
163379
163383
163385
163462
163463
163495
163499
163536
163714
163789
163790
163791
163798
163803
163805
163816
163890
163919
164051
164054
164055
164214
164218
164285
164334
164335
164337
164338
164365
164369
164370
164372
164373
164374
164375
164487
164490
164501
164505
164506
164508
164509
164511
164512
164599
164605
164611
164616
164619
164627
164703
164706
164710
164711
164713
164714
164715
164776
164800
164808
164894
165083
165085
165086
165313
165317
165318
165332
165335
165454
165457
165461
165463
165467
165588
165634
165635
165688
165689
165692
165694
165695
165762
165765
165766
165823
165908
165918
165939
165940
165961
165998
165999
166049
166065
166087
166089
166090
166122
166139
166194
166195
166196
166206
166208
166226
166236
166284
166286
166288
166289
166290
166291
166368
166386
166422
166427
166428
166431
166432
166560
166582
166587
166588
166590
166591
166592
166593
166600
166864
166881
166882
166903
166965
166966
166967
166968
166969
167046
167047
167049
167051
167052
167053
167074
167075
167076
167118
167199
167276
167352
167357
167358
167359
167360
167361
167362
167430
167462
167463
167564
167567
167569
167572
167573
167574
167575
167580
167582
167585
167586
167587
167588
167596
167598
167599
167600
167677
167678
167751
167767
167769
167771
167772
167773
167774
167802
167805
167806
167808
167809
167810
167811
167832
167836
167840
167841
167926
167927
167943
168017
168090
168091
168092
168093
168124
168126
168238
168242
168243
168255
168364
168366
168367
168385
168386
168388
168389
168390
168411
168412
168413
168414
168493
168494
168496
168497
168498
168499
168503
168509
168521
168537
168574
168748
168750
168752
168753
168754
168755
168760
168761
168809
168810
168811
168821
168825
168846
168996
168997
168998
169221
169224
169238
169239
169405
169448
169463
169464
169466
169467
169508
169509
169510
169511
169512
169607
169608
169630
169645
169647
169651
169656
169657
169658
169659
169660
169661
169682
169684
169757
169759
169760
169781
169785
169786
169788
169789
169790
169791
169801
169802
169988
169990
170009
170010
170011
170052
170067
170069
170070
170075
170077
170079
170080
170082
170115
170116
170117
170118
170119
170127
170246
170367
170369
170370
170372
170385
170393
170398
170400
170401
170419
170424
170425
170451
170453
170458
170459
170575
170587
170589
170590
170596
170668
170669
170670
170671
170672
170708
170741
170747
170771
170772
170774
170775
170776
170777
170794
170859
170884
170885
170888
170894
170895
170899
170900
170901
170902
170940
170941
170944
170945
170946
170947
170969
170970
170971
171019
171043
171046
171048
171114
171137
171140
171141
171143
171144
171145
171146
171156
171157
171166
171282
171318
171322
171331
171357
171365
171387
171412
171525
171562
171578
171584
171601
171602
171603
171604
171632
171647
171661
171683
171686
171708
171793
171794
171796
171948
171953
171967
171970
171972
171973
172111
172115
172117
172120
172121
172169
172173
172174
172176
172177
172178
172179
172266
172287
172322
172334
172393
172407
172408
172457
172460
172467
172471
172576
172645
172693
172699
172700
172702
172703
172704
172705
172802
172803
172805
172807
172809
172810
172811
172844
172846
172847
172848
172849
172855
172861
172862
172863
172878
172892
172902
172908
172926
172928
172956
172962
172996
173067
173102
173187
173190
173192
173198
173202
173203
173206
173207
173208
173264
173344
173566
173574
173618
173623
173624
173627
173628
173629
173630
173653
173656
173657
173658
173674
173780
173781
173812
173875
173923
173924
173938
174068
174069
174072
174073
174074
174085
174086
174088
174135
174141
174142
174143
174144
174145
174157
174158
174166
174167
174168
174202
174228
174312
174469
174478
174496
174519
174546
174556
174558
174582
174606
174607
174668
174670
174672
174682
174822
174823
174825
174826
174844
174858
174860
174934
174935
174936
174964
174979
175005
175071
175073
175084
175085
175087
175088
175089
175092
175182
175184
175344
175345
175347
175349
175370
175425
175520
175533
175563
175567
175568
175569
175570
175572
175578
175579
175640
175647
175693
175695
175698
175699
175700
175747
175753
175759
175766
175773
175774
175776
175777
175778
175779
175818
175820
175821
175822
175829
175855
175857
175858
175860
175861
175886
175918
175919
175920
175960
175964
175965
175967
175968
175969
175970
176025
176027
176119
176191
176220
176222
176282
176285
176286
176319
176320
176321
176391
176393
176397
176398
176400
176401
176402
176403
176527
176537
176541
176546
176572
176573
176574
176585
176817
176818
176897
176990
177009
177013
177021
177022
177024
177188
177189
177215
177292
177293
177294
177295
177296
177297
177318
177319
177320
177369
177372
177373
177376
177377
177385
177529
177531
177534
177535
177536
177580
177581
177584
177588
177590
177591
177598
177620
177648
177673
177700
177722
177796
177797
177799
177800
177801
177802
177890
177919
177927
177935
177939
177940
177942
177943
177955
177974
177975
177977
177978
177979
177998
178000
178001
178002
178003
178004
178005
178039
178040
178041
178042
178043
178044
178068
178104
178107
178109
178110
178253
178254
178255
178289
178292
178293
178313
178544
178569
178575
178576
178578
178579
178580
178581
178783
178812
178861
178969
178970
178972
178973
178974
178975
179038
179053
179144
179169
179281
179288
179289
179291
179293
179294
179295
179326
179335
179351
179352
179421
179458
179462
179488
179489
179490
179491
179492
179493
179581
179584
179586
179587
179588
179635
179672
179705
179712
179714
179747
179775
179781
179782
179784
179785
179786
179787
179798
179803
179804
179806
179807
179808
179809
179854
179855
179866
179872
179897
179986
179987
179989
179990
179991
180042
180043
180066
180070
180072
180120
180121
180122
180154
180155
180369
180382
180383
180385
180386
180387
180388
180424
180486
180489
180490
180536
180613
180614
180615
180616
180625
180793
180809
180818
180820
180821
180874
180883
180890
180905
180907
180950
180952
180953
181355
181362
181363
181366
181368
181369
181370
181376
181577
181586
181684
181762
181763
181766
181767
181768
181770
181771
181774
181783
181786
181807
181843
181847
181848
181849
181863
181903
181906
181907
181908
181909
181966
181967
181984
181985
182016
182029
182038
182058
182063
182065
182067
182069
182070
182071
182131
182146
182239
182240
182242
182243
182245
182246
182256
182262
182263
182266
182268
182269
182420
182426
182427
182429
182430
182431
182432
182460
182464
182465
182468
182469
182470
182471
182540
182541
182547
182549
182550
182551
182574
182577
182639
182652
182757
182792
182796
182797
182798
182826
182851
182852
182853
182901
183022
183158
183185
183187
183190
183277
183302
183313
183317
183318
183319
183354
183460
183504
183509
183511
183515
183516
183518
183519
183673
183677
183679
183680
183681
183825
183852
183937
184010
184012
184013
184039
184071
184079
184124
184188
184228
184305
184332
184336
184337
184339
184340
184341
184342
184349
184357
184377
184380
184381
184382
184410
184411
184413
184414
184415
184533
184535
184537
184539
184568
184572
184573
184575
184576
184577
184578
184657
184662
184663
184664
184665
184666
184667
184676
184682
184688
184689
184692
184693
184694
184760
184765
184766
184767
184768
184795
184796
184798
184800
184801
184802
184859
184860
184861
184868
184869
184870
184901
184902
184933
184936
184939
184940
184941
184948
184976
184982
184983
184986
184987
184988
184989
185054
185055
185058
185059
185060
185061
185167
185173
185174
185175
185176
185177
185178
185266
185331
185334
185337
185338
185339
185371
185385
185461
185620
185626
185627
185635
185636
185637
185657
185696
185707
185709
185728
185736
185741
185742
185744
185745
185746
185747
185895
185896
185926
185928
185931
186001
186002
186004
186005
186006
186041
186108
186113
186114
186218
186220
186221
186277
186278
186280
186299
186302
186304
186308
186310
186311
186469
186504
186505
186521
186523
186551
186555
186556
186558
186559
186560
186561
186598
186599
186600
186606
186632
186635
186637
186639
186683
186691
186706
186727
186728
186751
186752
186754
186905
186952
186964
186990
186992
187007
187008
187009
187011
187057
187058
187059
187060
187062
187063
187072
187073
187086
187088
187089
187104
187113
187216
187220
187224
187225
187226
187227
187228
187229
187264
187334
187353
187391
187403
187405
187498
187541
187751
187752
187845
187981
187982
188020
188067
188076
188077
188079
188080
188081
188082
188142
188143
188155
188166
188206
188207
188209
188210
188212
188307
188308
188313
188334
188339
188340
188342
188441
188457
188539
188540
188567
188580
188581
188584
188609
188617
188618
188620
188621
188623
188624
188638
188640
188657
188699
188703
188704
188733
188787
188827
188828
188830
188831
188832
188863
188864
188865
188866
188867
188875
188921
188923
188924
188925
188926
188947
188948
188950
188951
188952
189022
189026
189109
189112
189113
189115
189116
189159
189160
189161
189188
189190
189311
189325
189332
189333
189335
189336
189338
189339
189436
189445
189446
189449
189529
189663
189670
189678
189686
189687
189689
189690
189691
189692
189783
189787
189788
189789
189790
189791
189816
189817
189819
189820
189821
189843
189852
189853
189855
189856
189857
189858
189918
189930
189981
189982
190033
190052
190067
190068
190069
190150
190159
190164
190165
190167
190168
190169
190170
190193
190241
190307
190311
190317
190355
190393
190400
190406
190407
190409
190410
190412
190413
190441
190443
190445
190505
190510
190512
190514
190516
190517
190518
190531
190565
190566
190585
190586
190667
190669
190670
190672
190673
190684
190723
190724
190727
190736
190758
190766
190767
190768
190769
190777
190806
190808
190812
190813
190815
190816
190817
190818
191015
191016
191018
191019
191020
191021
191039
191170
191190
191191
191192
191193
191260
191409
191414
191416
191420
191421
191422
191429
191436
191438
191504
191565
191566
191567
191568
191577
191579
191582
191583
191657
191658
191793
191830
191840
191842
191843
191864
191867
191874
191886
191898
191981
191985
192020
192021
192031
192032
192045
192050
192051
192054
192055
192079
192083
192093
192101
192106
192146
192147
192149
192150
192175
192176
192177
192186
192197
192300
192339
192402
192447
192449
192456
192546
192547
192560
192577
192578
192579
192599
192816
192818
192819
192859
192862
192863
192866
192867
192868
192869
192932
192939
192940
192942
192943
192945
192946
193058
193090
193337
193347
193348
193364
193375
193376
193473
193474
193634
193635
193636
193665
193672
193674
193686
193721
193732
193734
193830
193880
193889
193890
193892
193894
193896
193924
193925
193926
193962
194040
194044
194130
194196
194200
194201
194203
194204
194205
194206
194236
194237
194245
194246
194290
194383
194469
194476
194477
194480
194481
194482
194483
194496
194503
194547
194551
194553
194554
194601
194621
194671
194712
194714
194716
194792
194797
194798
194799
194800
194801
194802
194872
194873
194880
194887
194892
194893
194895
194896
194897
194898
194910
194961
194962
194967
194977
194979
195054
195059
195060
195094
195165
195166
195168
195169
195170
195171
195210
195211
195212
195256
195258
195259
195260
195290
195340
195342
195475
195494
195575
195576
195577
195578
195579
195693
195694
195696
195697
195698
195699
195708
195862
195863
195864
195865
195933
195935
195936
195937
195938
195939
195954
196030
196032
196065
196067
196068
196069
196070
196098
196100
196138
196141
196212
196213
196214
196217
196245
196386
196449
196451
196680
196684
196744
196746
196774
196776
196777
196778
196779
196780
196809
196851
196877
196878
196924
196956
196992
196993
197016
197018
197026
197101
197107
197108
197110
197111
197112
197113
197244
197249
197251
197253
197255
197256
197257
197311
197463
197520
197552
197562
197564
197618
197619
197620
197637
197714
197715
197716
197718
197782
197810
197812
197843
197855
197861
197862
197863
197884
197927
197928
197929
197930
197949
197984
198329
198334
198336
198338
198339
198340
198341
198412
198457
198474
198572
198573
198574
198575
198576
198580
198590
198644
198649
198650
198653
198655
198657
198658
198716
198723
198755
198756
198761
198762
198763
198764
198765
198766
198821
198822
198824
198825
198826
198827
198849
198906
198949
198985
199001
199002
199034
199035
199036
199037
199038
199045
199050
199051
199053
199054
199055
199056
199099
199100
199216
199218
199235
199236
199237
199249
199251
199323
199324
199325
199326
199327
199333
199338
199339
199343
199344
199346
199402
199409
199455
199464
199465
199466
199467
199469
199470
199588
199591
199592
199594
199596
199713
199719
199723
199724
199727
199728
199729
199730
199809
199840
199845
199846
199861
199862
199864
199866
199867
200048
200050
200053
200055
200056
200057
200203
200206
200207
200208
200209
200218
200221
200223
200224
200225
200272
200273
200275
200296
200351
200373
200486
200487
200488
200489
200490
200604
200610
200611
200626
200628
200629
200630
200793
200796
200859
200877
200938
200945
200957
200988
200990
200991
201075
201076
201078
201079
201080
201081
201139
201180
201182
201211
201299
201302
201304
201376
201558
201564
201565
201568
201570
201572
201573
201688
201747
201748
201749
201750
201751
201752
201864
201885
201887
201904
201914
201915
201917
201918
201919
202009
202015
202016
202019
202020
202021
202022
202029
202031
202049
202053
202055
202161
202218
202239
202247
202282
202286
202290
202291
202372
202373
202416
202452
202462
202504
202505
202514
202547
202553
202554
202557
202558
202559
202560
202619
202640
202645
202647
202670
202672
202673
202681
202685
202688
202690
202692
202693
202694
202712
202714
202715
202716
202757
202758
202759
202760
202769
202771
202772
202791
202853
202873
202976
202978
202979
202985
203028
203032
203040
203042
203048
203049
203051
203074
203077
203079
203080
203105
203116
203117
203119
203121
203122
203290
203291
203295
203296
203297
203350
203351
203352
203353
203354
203355
203443
203448
203479
203605
203611
203612
203614
203615
203616
203617
203662
203663
203690
203697
203743
203744
203752
203754
203755
203756
203757
203809
203913
203915
203917
203918
203919
203920
204012
204013
204114
204115
204116
204117
204152
204211
204215
204216
204219
204221
204222
204223
204261
204275
204277
204279
204280
204281
204285
204302
204516
204536
204687
204693
204694
204786
204790
204791
205063
205094
205161
205174
205177
205200
205202
205206
205207
205209
205210
205224
205238
205260
205305
205306
205323
205355
205363
205439
205461
205465
205466
205472
205474
205478
205504
205508
205513
205517
205519
205520
205536
205723
205747
205814
205906
206007
206026
206027
206028
206049
206050
206051
206052
206053
206080
206084
206114
206115
206167
206185
206193
206194
206196
206197
206198
206199
206208
206213
206214
206215
206216
206217
206218
206245
206247
206253
206315
206316
206377
206378
206379
206380
206381
206431
206432
206434
206435
206462
206485
206551
206557
206560
206563
206564
206566
206567
206585
206590
206591
206592
206593
206594
206595
206627
206628
206630
206631
206646
206689
206690
206692
206798
206856
206859
206867
206986
206996
207117
207136
207180
207182
207184
207227
207271
207299
207309
207362
207366
207372
207385
207545
207547
207587
207612
207615
207737
207755
207762
207778
207863
208119
208136
208164
208165
208201
208211
208216
208293
208296
208297
208298
208335
208342
208346
208348
208364
208384
208389
208390
208393
208394
208395
208396
208523
208535
208537
208538
208540
208542
208592
208609
208650
208651
208652
208705
208712
208761
208893
208895
208896
208982
208984
208985
209220
209222
209234
209248
209251
209259
209260
209264
209265
209267
209275
209276
209375
209460
209465
209466
209470
209472
209559
209572
209575
209596
209606
209610
209611
209662
209711
209712
209714
209715
209716
209733
209747
209749
209764
209767
209773
209774
209854
209855
209856
209887
209889
209891
209892
209893
209899
209903
209904
209906
209907
209908
209909
209918
209921
210172
210184
210188
210189
210192
210193
210194
210195
210207
210263
210264
210266
210268
210270
210271
210342
210348
210402
210412
210420
210423
210426
210427
210428
210429
210530
210534
210539
210540
210541
210560
210571
210572
210573
210755
210782
210784
210798
210844
210882
210883
210884
210893
210915
210918
210920
210921
211073
211074
211166
211172
211323
211521
211760
211761
211762
211763
211771
211772
211775
211776
211777
211807
211897
212086
212088
212089
212099
212101
212103
212104
212110
212223
212265
212269
212305
212307
212412
212429
212430
212433
212434
212435
212436
212528
212659
212691
212701
212703
212776
212826
212893
212895
212982
213025
213040
213050
213059
213060
213062
213063
213064
213065
213074
213084
213088
213089
213092
213093
213094
213095
213137
213151
213278
213291
213293
213315
213329
213442
213490
213542
213616
213716
213717
213719
213720
213721
213819
213820
213822
213823
213825
213881
213967
214033
214036
214037
214038
214065
214066
214067
214068
214084
214127
214129
214133
214134
214135
214148
214217
214277
214434
214435
214436
214437
214451
214452
214453
214454
214460
214469
214552
214555
214653
214655
214683
214692
214693
214706
214723
214724
214773
214791
214797
214798
214802
214803
214804
214805
214938
215091
215095
215096
215097
215150
215152
215231
215233
215251
215252
215253
215254
215256
215257
215369
215413
215450
215452
215457
215458
215460
215555
215556
215558
215559
215560
215561
215833
215868
215869
215870
215871
215881
215882
215898
215903
215908
215910
215920
215991
215998
216001
216006
216008
216010
216011
216133
216134
216137
216138
216140
216141
216161
216164
216175
216219
216220
216221
216235
216241
216242
216262
216266
216288
216345
216452
216456
216457
216458
216476
216478
216480
216481
216482
216520
216558
216716
216733
216735
216736
216768
216799
216800
216819
217025
217026
217027
217059
217109
217110
217111
217112
217113
217173
217265
217270
217271
217423
217424
217433
217436
217504
217507
217563
217575
217592
217594
217604
217606
217635
217638
217659
217660
217661
217717
217718
217727
217731
217732
217733
217734
217774
217852
217857
217858
217861
217862
217863
217864
217996
217998
218001
218002
218003
218040
218041
218042
218079
218133
218141
218142
218144
218145
218146
218147
218169
218188
218261
218269
218270
218271
218356
218357
218498
218541
218645
218654
218677
218678
218742
218800
218801
218823
218896
218970
219044
219079
219102
219119
219156
219173
219180
219204
219229
219365
219366
219386
219389
219608
219609
219611
219637
219673
219676
219677
219754
219756
219835
219837
219844
219845
219849
219850
219851
219852
220056
220057
220058
220226
220264
220267
220270
220271
220274
220283
220284
220285
220439
220443
220444
220506
220510
220512
220514
220515
220516
220642
220649
220651
220654
220656
220657
220658
220670
220684
220686
220688
220689
220691
220756
220757
220758
220765
220770
220771
220772
220896
220900
220915
221048
221056
221213
221225
221226
221230
221310
221319
221447
221449
221490
221571
221722
221723
221748
221889
221890
221935
221953
221956
222004
222248
222253
222254
222259
222325
222334
222399
222400
222424
222430
222439
222443
222464
222469
222470
222488
222536
222538
222541
222542
222543
222544
222577
222582
222583
222584
222752
222754
222773
222774
222775
222797
222800
222801
222802
222889
222894
222935
222938
222942
222945
222946
222947
222971
222980
222981
222983
222984
222985
222986
223022
223023
223024
223025
223060
223063
223068
223069
223070
223166
223168
223169
223181
223182
223189
223190
223234
223255
223256
223346
223347
223352
223353
223354
223365
223370
223371
223372
223373
223374
223375
223474
223479
223480
223482
223483
223484
223485
223498
223538
223540
223541
223550
223552
223554
223555
223557
223586
223599
223600
223604
223605
223654
223707
223736
223737
223738
223739
223740
223741
223742
223743
223744
223745
223746
223747
223748
223749
223750
223751
223752
223753
223754
223755
223756
223757
223758
223759
223760
223761
223762
223763
223764
223765
223766
223767
223768
223769
223770
223771
223772
223773
223774
223775
223776
223777
223778
223779
223780
223781
223782
223783
223784
223785
223786
223787
223793
223795
223878
223917
223933
223979
223987
223989
224002
224041
224065
224069
224091
224137
224139
224141
224158
224252
224285
224287
224378
224427
224428
224434
224437
224438
224439
224473
224491
224493
224494
224496
224533
224823
224876
224972
224981
225030
225037
225108
225109
225110
225111
225112
225281
225315
225321
225396
225451
225492
225496
225497
225543
225609
225612
225613
225614
225615
225622
225624
225626
225627
225629
225630
225686
225687
225704
225707
225755
225804
225805
225883
225884
225886
225887
225925
225929
225930
226012
226118
226233
226287
226289
226290
226413
226507
226510
226520
226551
226558
226559
226562
226563
226564
226565
226573
226578
226579
226580
226620
226623
226638
226668
226669
226707
226709
226728
226812
226815
226899
226936
226937
226960
226965
227016
227058
227076
227081
227164
227165
227166
227173
227177
227179
227206
227207
227335
227423
227424
227430
227434
227662
227688
227788
227801
227802
227837
227909
227937
227942
227947
227948
228011
228012
228014
228015
228016
228024
228025
228026
228071
228079
228120
228124
228268
228404
228505
228510
228546
228564
228568
228569
228570
228577
228585
228639
228704
228705
228745
228746
228748
228749
228750
228756
228775
228803
228812
228869
228871
228872
228873
228908
228949
228978
229007
229044
229269
229271
229306
229317
229408
229451
229525
229534
229541
229544
229546
229718
229726
229727
229757
229795
229796
229798
229799
229800
229801
229847
229848
229927
229928
229984
229986
229988
229996
229998
230002
230004
230005
230006
230205
230213
230249
230250
230261
230291
230294
230334
230392
230504
230687
230692
230713
230721
230764
230765
230767
230768
230769
230777
230876
230901
230906
230908
230909
230910
230961
230992
230993
230995
230996
230997
230998
231077
231093
231098
231100
231150
231153
231231
231241
231279
231280
231283
231284
231285
231286
231339
231440
231485
231554
231563
231564
231566
231567
231568
231569
231628
231643
231792
231793
231796
231797
231799
231800
231822
231825
231849
231860
231867
231869
231870
231872
231890
231895
231897
231919
231929
231949
232022
232033
232050
232127
232128
232132
232172
232187
232206
232255
232264
232268
232274
232276
232277
232375
232392
232393
232394
232421
232488
232503
232506
232507
232509
232510
232511
232512
232659
232661
232664
232872
232886
233062
233160
233168
233169
233179
233187
233289
233296
233414
233441
233448
233494
233507
233508
233518
233631
233639
233731
233733
233744
233747
233748
233856
233954
233955
233956
233957
233958
234069
234091
234184
234203
234365
234367
234371
234372
234374
234375
234416
234422
234427
234439
234440
234441
234468
234481
234576
234578
234581
234582
234583
234625
234636
234640
234651
234652
234673
234677
234909
234910
234915
234916
234955
234958
234960
235112
235153
235239
235258
235259
235271
235274
235275
235362
235365
235366
235368
235370
235371
235398
235400
235421
235461
235464
235505
235605
235661
235686
235687
235719
235720
235724
235796
235833
235856
235863
235880
235885
235913
235922
235996
235997
235998
235999
236000
236001
236104
236154
236200
236201
236205
236207
236208
236209
236229
236230
236231
236246
236393
236402
236403
236431
236528
236531
236534
236535
236569
236686
236743
236748
236751
236838
236839
236840
236854
236855
236859
236861
236881
236882
236883
236884
236886
236887
236907
236908
236932
237079
237093
237203
237205
237206
237243
237279
237302
237377
237453
237454
237480
237483
237497
237517
237518
237522
237524
237526
237527
237546
237631
237695
237700
237735
237736
237750
237754
237755
237756
237906
237907
237936
237950
237952
238013
238016
238020
238062
238063
238205
238223
238226
238227
238338
238365
238376
238377
238378
238379
238474
238536
238544
238546
238595
238648
238677
238681
238707
238709
238735
238740
238744
238782
238804
238810
238812
238813
238846
238847
238884
238899
238900
238923
238954
238965
238967
238973
238974
238988
238989
238990
238991
238992
239050
239167
239174
239224
239248
239415
239495
239508
239570
239616
239635
239645
239663
239682
239689
239808
239814
239817
239830
239856
239907
239908
239909
239968
239969
240064
240068
240069
240168
240176
240178
240182
240213
240316
240389
240393
240398
240415
240418
240419
240420
240421
240446
240472
240474
240483
240486
240488
240497
240499
240500
240519
240552
240739
240742
240756
240758
240768
240838
240841
240843
240844
240845
240886
240961
240962
240963
241037
241040
241043
241059
241085
241086
241088
241089
241162
241165
241166
241298
241416
241417
241481
241513
241516
241519
241520
241572
241573
241576
241577
241579
241739
241781
241784
241785
241787
241788
241970
241996
242002
242003
242005
242083
242084
242085
242121
242143
242146
242147
242155
242232
242238
242251
242318
242335
242388
242525
242534
242536
242537
242538
242605
242606
242607
242608
242664
242813
242814
242815
242826
242948
242955
242963
242987
243043
243046
243047
243072
243138
243146
243147
243149
243151
243231
243289
243293
243305
243338
243482
243519
243523
243524
243525
243612
243620
243623
243639
243750
243753
243778
243780
243781
243782
243835
243841
243844
243845
243851
243869
243943
243945
243958
243959
244054
244057
244066
244068
244076
244107
244108
244138
244182
244194
244320
244326
244328
244438
244445
244510
244555
244573
244576
244578
244579
244580
244623
244631
244632
244644
244645
244655
244698
244855
244862
244891
244897
244902
244917
244922
244924
244925
245100
245114
245130
245133
245137
245139
245147
245187
245192
245272
245329
245331
245332
245343
245347
245419
245439
245440
245443
245444
245449
245475
245479
245717
245718
245719
245720
245721
245722
245723
245724
245725
245726
245727
245728
245729
245730
245731
245732
245733
245734
245735
245736
245737
245738
245739
245740
245741
245742
245743
245744
245747
245942
245943
246095
246099
246100
246103
246128
246130
246184
246239
246309
246419
246422
246424
246425
246426
246446
246490
246491
246492
246493
246494
246495
246496
246497
246498
246499
246500
246501
246502
246503
246504
246505
246506
246507
246658
246665
246674
246675
246692
246696
246697
246729
246730
246731
246751
246752
246784
246785
246832
246858
246859
246860
246874
246929
246934
246935
247014
247113
247114
247115
247152
247177
247345
247351
247352
247354
247372
247386
247404
247556
247557
247558
247559
247560
247561
247562
247563
247564
247565
247566
247567
247568
247569
247570
247571
247572
247573
247574
247575
247576
247577
247578
247579
247597
247639
247654
247655
247656
247657
247658
247659
247660
247661
247662
247663
247664
247665
247666
247667
247668
247669
247670
247671
247672
247929
247930
247940
247955
247956
247982
247983
247984
247985
247986
247987
247988
247989
247990
247991
247992
247993
247994
247995
247996
247997
247998
247999
248000
248001
248002
248003
248004
248005
248006
248007
248008
248021
248022
248023
248024
248025
248026
248027
248028
248029
248030
248031
248032
248033
248034
248035
248036
248037
248038
248039
248040
248041
248042
248043
248044
248045
248046
