49
121
144
146
238
245
275
285
322
329
342
347
359
362
381
400
402
553
561
569
570
605
755
758
771
825
862
863
935
968
970
1069
1141
1184
1243
1247
1253
1280
1294
1326
1345
1347
1353
1359
1364
1367
1368
1419
1434
1518
1524
1525
1531
1543
1601
1603
1623
1660
1697
1734
1801
1802
1809
1848
1926
1963
1969
1985
2019
2027
2054
2072
2073
2093
2102
2146
2151
2155
2199
2208
2218
2235
2249
2252
2253
2269
2270
2275
2279
2280
2301
2303
2304
2313
2353
2383
2424
2484
2486
2490
2513
2537
2544
2545
2550
2583
2584
2625
2628
2638
2703
2706
2710
2711
2726
2777
2801
2806
2820
2838
2841
2852
2856
2901
2919
2943
2964
3013
3032
3083
3122
3123
3138
3174
3191
3203
3204
3213
3231
3270
3272
3301
3309
3327
3344
3375
3380
3471
3497
3505
3585
3588
3590
3591
3611
3615
3626
3668
3671
3721
3732
3743
3757
3772
3778
3779
3797
3798
3799
3835
3882
3884
3895
3900
3914
3961
4044
4045
4116
4129
4134
4136
4153
4154
4155
4198
4202
4211
4213
4214
4233
4284
4303
4389
4414
4416
4429
4436
4497
4543
4565
4570
4591
4593
4602
4626
4641
4645
4659
4727
4804
4841
4882
4917
4919
4928
4941
4976
4981
4991
5113
5115
5223
5227
5237
5284
5295
5314
5361
5375
5401
5407
5411
5429
5477
5479
5508
5523
5524
5539
5631
5632
5644
5647
5657
5672
5750
5792
5805
5809
5846
5849
5852
5884
5888
5910
5931
5949
5967
6006
6014
6075
6097
6125
6129
6225
6226
6228
6256
6282
6287
6292
6334
6365
6456
6484
6497
6552
6575
6576
6587
6590
6592
6593
6616
6686
6687
6689
6696
6700
6762
6763
6802
6804
6911
6916
6917
6932
6935
6989
6997
7039
7073
7077
7078
7093
7102
7105
7110
7116
7187
7196
7221
7241
7309
7335
7373
7378
7398
7415
7429
7431
7442
7467
7489
7522
7530
7615
7656
7705
7718
7748
7749
7802
7813
7814
7815
7824
7876
7940
7965
8026
8071
8100
8124
8165
8223
8251
8252
8258
8276
8413
8414
8453
8466
8528
8530
8531
8542
8550
8553
8583
8586
8589
8590
8662
8666
8726
8762
8765
8766
8803
8811
8816
8836
8885
8890
8929
8994
9014
9025
9074
9088
9089
9110
9190
9205
9231
9244
9251
9308
9337
9340
9408
9418
9421
9422
9482
9495
9544
9547
9548
9579
9583
9592
9613
9614
9633
9665
9744
9811
9825
9859
9861
9879
9882
9887
9966
10032
10033
10035
10040
10088
10110
10130
10147
10162
10185
10198
10200
10212
10247
10250
10257
10258
10259
10285
10324
10334
10335
10353
10389
10428
10446
10545
10546
10547
10565
10578
10580
10584
10607
10610
10670
10673
10728
10733
10744
10748
10755
10850
10855
10884
10887
10889
10891
10940
10953
11058
11062
11152
11163
11218
11327
11335
11368
11378
11415
11478
11508
11549
11552
11568
11572
11627
11773
11783
11794
11819
11851
11856
11907
11924
11940
11980
11993
12006
12009
12093
12094
12095
12114
12136
12185
12211
12304
12354
12355
12356
12372
12374
12383
12386
12394
12399
12470
12495
12518
12531
12533
12535
12555
12556
12557
12558
12601
12624
12631
12648
12657
12660
12678
12679
12681
12684
12696
12710
12730
12763
12782
12821
12824
12826
12827
12840
12851
12888
12905
12930
12938
12939
12946
12966
12970
12983
12995
13032
13033
13041
13042
13058
13083
13088
13147
13162
13171
13174
13209
13248
13274
13309
13349
13362
13434
13445
13463
13469
13486
13494
13496
13499
13500
13546
13553
13554
13578
13608
13637
13667
13708
13712
13716
13772
13783
13876
13939
13944
13946
13948
13959
13968
13972
13974
14042
14044
14075
14089
14119
14120
14172
14184
14225
14243
14257
14263
14298
14363
14403
14417
14441
14462
14526
14548
14552
14555
14594
14610
14628
14631
14664
14729
14738
14740
14742
14772
14777
14778
14797
14826
14840
14841
14842
14863
14913
14931
14932
14933
14991
15020
15064
15065
15067
15094
15167
15176
15211
15246
15247
15289
15328
15338
15345
15420
15433
15443
15448
15450
15511
15531
15603
15607
15614
15621
15625
15639
15643
15697
15717
15777
15816
15821
15843
15847
15947
15997
16007
16012
16041
16060
16105
16106
16109
16111
16121
16130
16132
16133
16228
16243
16258
16273
16338
16350
16356
16436
16467
16482
16502
16534
16635
16692
16740
16768
16780
16783
16801
16802
16910
16968
17014
17042
17087
17125
17129
17160
17187
17208
17209
17248
17256
17260
17261
17283
17300
17302
17315
17327
17331
17348
17378
17415
17417
17464
17469
17473
17557
17568
17575
17578
17600
17629
17633
17638
17639
17726
17757
17759
17816
17850
17884
17917
17923
17924
17932
17934
17938
18006
18158
18197
18216
18217
18218
18226
18227
18257
18278
18286
18313
18317
18318
18337
18349
18357
18364
18367
18398
18415
18464
18481
18515
18516
18519
18523
18546
18564
18591
18592
18605
18695
18779
18799
18850
18876
18925
18942
18995
19007
19015
19016
19037
19085
19137
19142
19150
19161
19163
19192
19197
19202
19214
19225
19235
19249
19255
19256
19270
19272
19303
19388
19409
19426
19509
19525
19594
19602
19687
19724
19728
19745
19776
19788
19807
19831
19833
19847
19851
19856
19970
19972
19973
20010
20012
20036
20081
20086
20127
20146
20174
20242
20278
20293
20325
20328
20372
20374
20377
20380
20483
20494
20495
20544
20550
20557
20558
20589
20608
20669
20690
20727
20729
20730
20760
20797
20807
20808
20809
20827
20848
20853
20869
20908
20920
20932
20962
20963
20964
20965
21016
21043
21056
21105
21147
21148
21156
21237
21245
21246
21258
21264
21308
21368
21370
21371
21452
21461
21464
21467
21468
21507
21515
21516
21517
21574
21579
21626
21650
21661
21662
21680
21692
21727
21750
21755
21798
21806
21865
21883
21889
21905
21960
21985
22082
22116
22121
22145
22195
22210
22222
22223
22224
22232
22250
22252
22286
22297
22323
22339
22340
22451
22465
22528
22552
22652
22664
22666
22701
22738
22739
22788
22789
22806
22880
22896
23013
23018
23056
23072
23117
23242
23256
23260
23272
23285
23293
23296
23303
23332
23356
23390
23400
23453
23454
23505
23528
23530
23537
23538
23572
23576
23579
23590
23591
23600
23718
23743
23762
23789
23791
23797
23808
23830
23832
23849
23866
23876
23924
23926
23939
23961
23970
24001
24013
24030
24061
24093
24107
24122
24137
24225
24229
24231
24286
24379
24383
24446
24524
24527
24528
24529
24556
24611
24714
24721
24753
24757
24758
24768
24801
24804
24806
24807
24830
24855
24863
24884
24888
24893
24901
24909
24917
25017
25022
25025
25050
25082
25084
25097
25102
25107
25109
25110
25126
25128
25140
25186
25256
25287
25294
25297
25298
25353
25382
25427
25466
25478
25520
25524
25559
25563
25570
25571
25606
25632
25644
25655
25687
25706
25711
25872
25978
25994
26022
26050
26104
26137
26211
26232
26265
26300
26311
26338
26345
26367
26368
26369
26418
26440
26466
26469
26475
26560
26564
26592
26624
26641
26655
26656
26660
26682
26705
26739
26769
26790
26792
26811
26858
26890
26891
26893
26911
26920
26961
26989
26990
27000
27049
27060
27126
27141
27171
27189
27204
27220
27251
27252
27255
27263
27288
27355
27387
27407
27409
27410
27421
27446
27464
27482
27486
27492
27515
27550
27551
27559
27564
27569
27574
27576
27577
27600
27618
27663
27674
27692
27696
27719
27743
27758
27759
27781
27828
27851
27855
27857
27859
27939
27969
27971
28024
28039
28043
28046
28053
28102
28116
28130
28185
28198
28216
28237
28251
28322
28374
28389
28442
28483
28485
28486
28506
28512
28517
28524
28552
28553
28599
28606
28621
28623
28649
28652
28679
28798
28814
28871
28887
28903
28982
28984
29040
29075
29124
29147
29158
29165
29192
29297
29302
29426
29434
29448
29452
29571
29576
29647
29659
29665
29696
29747
29748
29764
29829
29855
29927
29948
29957
29986
30015
30016
30017
30030
30054
30061
30066
30094
30095
30146
30153
30160
30188
30243
30259
30331
30368
30398
30410
30487
30488
30515
30516
30537
30600
30606
30615
30620
30638
30645
30646
30648
30655
30688
30707
30728
30734
30737
30828
30830
30831
30843
30861
30903
30904
30906
30929
30933
30958
30960
30972
30995
31084
31164
31171
31173
31174
31192
31205
31207
31241
31245
31250
31253
31343
31363
31367
31372
31425
31467
31492
31583
31663
31680
31689
31698
31706
31746
31752
31818
31824
31826
31853
31901
31909
31921
31927
31930
31938
31948
31980
31982
31986
32022
32023
32027
32070
32174
32176
32179
32236
32261
32291
32295
32296
32298
32405
32422
32428
32436
32462
32487
32488
32515
32519
32532
32655
32707
32708
32713
32716
32751
32755
32763
32779
32783
32811
32839
32848
32849
32868
32870
32882
32898
32930
32945
32950
32954
32975
33117
33146
33157
33161
33162
33168
33183
33185
33208
33218
33253
33283
33294
33296
33298
33313
33314
33319
33355
33356
33380
33381
33384
33391
33410
33428
33432
33459
33463
33481
33482
33508
33511
33532
33564
33584
33591
33593
33622
33652
33685
33686
33687
33689
33738
33759
33763
33764
33779
33870
33876
33879
33931
33932
33955
33961
34007
34021
34191
34226
34227
34250
34260
34276
34287
34364
34366
34408
34414
34487
34497
34550
34598
34648
34651
34670
34740
34791
34803
34809
34811
34819
34822
34862
34949
35064
35099
35181
35205
35210
35219
35237
35242
35244
35245
35313
35351
35377
35401
35409
35482
35510
35513
35570
35571
35572
35629
35706
35765
35770
35797
35800
35804
35811
35812
35826
35873
35880
35898
35955
35964
35995
36028
36046
36069
36119
36131
36143
36155
36158
36159
36190
36212
36245
36252
36269
36387
36447
36480
36483
36500
36536
36557
36581
36590
36622
36623
36630
36748
36750
36784
36786
36856
36861
36868
36938
37037
37054
37077
37101
37120
37138
37139
37222
37304
37308
37309
37310
37311
37346
37452
37458
37463
37472
37508
37509
37510
37519
37523
37540
37694
37738
37739
37773
37788
37790
37791
37792
37863
37866
37867
37894
37907
37908
37940
37943
37953
37955
37956
37957
37961
37964
37968
37969
37984
37986
38014
38037
38038
38084
38085
38107
38109
38115
38135
38156
38169
38170
38195
38237
38268
38348
38364
38373
38381
38423
38424
38431
38453
38474
38477
38478
38498
38566
38582
38594
38640
38670
38688
38755
38799
38830
38834
38838
38839
38879
38919
39024
39030
39033
39094
39107
39153
39203
39234
39247
39269
39271
39316
39321
39322
39358
39371
39389
39415
39423
39468
39517
39523
39530
39567
39641
39643
39644
39691
39692
39698
39699
39702
39717
39721
39748
39760
39769
39783
39814
39825
39829
39867
39886
39928
39932
39933
39974
39999
40029
40065
40097
40114
40245
40250
40295
40325
40358
40359
40377
40467
40468
40494
40498
40499
40526
40597
40646
40783
40807
40811
40813
40885
40888
40909
40910
40935
40938
41020
41021
41038
41061
41063
41107
41175
41200
41205
41212
41214
41244
41245
41264
41273
41306
41323
41347
41496
41515
41542
41627
41630
41648
41670
41680
41685
41693
41702
41716
41724
41737
41832
41862
41865
41877
41947
42013
42022
42023
42070
42091
42092
42147
42203
42260
42262
42273
42275
42278
42299
42305
42311
42312
42320
42324
42411
42449
42456
42464
42468
42535
42656
42761
42762
42815
42820
42821
42843
42844
42865
42896
43020
43072
43121
43123
43137
43145
43168
43209
43214
43218
43219
43265
43284
43295
43296
43297
43329
43352
43355
43392
43444
43459
43466
43471
43474
43495
43511
43515
43517
43518
43525
43533
43565
43581
43627
43633
43637
43650
43651
43674
43694
43738
43796
43811
43847
43849
43856
43857
43862
43867
43876
43900
43909
43973
43977
43995
44002
44012
44032
44040
44041
44079
44080
44086
44123
44128
44156
44161
44183
44246
44312
44313
44340
44342
44360
44365
44369
44385
44408
44473
44487
44535
44536
44562
44575
44576
44577
44578
44587
44604
44610
44611
44621
44635
44670
44711
44760
44836
44852
44946
44947
44979
45007
45024
45025
45026
45033
45039
45138
45154
45179
45185
45194
45203
45206
45287
45322
45341
45359
45378
45385
45408
45409
45551
45553
45558
45593
45604
45611
45618
45619
45620
45660
45667
45670
45690
45700
45714
45723
45725
45788
45790
45795
45817
45821
45829
45854
45862
45864
45865
45880
45895
45960
45968
45979
45986
45995
46015
46037
46043
46051
46053
46055
46078
46089
46205
46216
46293
46301
46322
46337
46346
46368
46393
46490
46511
46513
46597
46628
46630
46655
46656
46666
46707
46709
46805
46864
46892
46913
46949
46952
46997
47040
47158
47160
47167
47183
47205
47222
47226
47252
47257
47266
47268
47332
47531
47532
47600
47607
47670
47707
47712
47793
47821
47923
47927
47934
47937
47984
47988
47999
48010
48033
48065
48112
48170
48189
48222
48243
48255
48370
48384
48439
48499
48605
48606
48612
48628
48629
48630
48647
48652
48660
48676
48706
48735
48755
48757
48823
48826
48831
48832
48859
48862
48863
48873
48876
48883
48926
48955
48976
48982
48988
49007
49051
49059
49098
49134
49137
49138
49159
49179
49219
49220
49272
49331
49336
49395
49409
49410
49472
49480
49485
49486
49505
49520
49525
49528
49641
49642
49657
49658
49750
49767
49793
49797
49799
49801
49965
49999
50006
50025
50037
50041
50081
50085
50138
50147
50173
50174
50176
50201
50204
50307
50353
50355
50444
50569
50570
50593
50709
50712
50782
50785
50786
50845
50874
50908
50936
50943
50946
50947
51025
51045
51081
51091
51178
51194
51261
51296
51299
51373
51429
51436
51439
51440
51458
51459
51468
51470
51471
51476
51481
51482
51628
51629
51645
51657
51662
51775
51776
51784
51790
51791
51818
51835
51848
51851
51863
51864
51922
51925
51945
51958
51961
51963
51972
51973
51987
52033
52096
52159
52160
52161
52180
52218
52227
52230
52347
52387
52393
52397
52433
52485
52504
52509
52520
52570
52579
52583
52586
52617
52640
52655
52658
52661
52676
52677
52706
52741
52744
52782
52792
52824
52944
52951
53010
53012
53045
53072
53151
53162
53172
53177
53357
53384
53451
53456
53460
53461
53546
53553
53562
53596
53603
53607
53611
53612
53721
53803
53805
53909
53931
53933
53938
53941
53942
53966
54017
54030
54114
54116
54187
54219
54240
54280
54291
54329
54362
54366
54466
54467
54471
54486
54525
54532
54566
54584
54588
54655
54658
54662
54663
54665
54726
54735
54740
54755
54827
54828
54830
54948
54998
55051
55075
55081
55094
55108
55114
55120
55122
55123
55178
55206
55209
55276
55281
55327
55345
55349
55352
55375
55385
55415
55438
55487
55490
55495
55510
55513
55518
55523
55547
55588
55630
55635
55720
55726
55746
55851
55870
55875
55876
55881
55923
55946
56003
56026
56033
56034
56045
56047
56242
56355
56376
56378
56440
56456
56461
56466
56522
56570
56573
56588
56650
56787
56802
56910
56929
56998
57064
57093
57102
57126
57148
57221
57222
57223
57229
57230
57241
57292
57341
57375
57407
57424
57433
57453
57497
57529
57537
57539
57541
57574
57598
57628
57653
57654
57686
57705
57758
57762
57765
57823
57826
57835
57841
57842
57870
57894
57898
57916
57925
57954
57991
58050
58090
58124
58125
58169
58199
58214
58215
58235
58282
58311
58322
58328
58331
58419
58427
58440
58476
58478
58519
58528
58539
58581
58619
58627
58636
58642
58743
58744
58869
58883
58895
58934
58977
59040
59067
59075
59077
59271
59272
59274
59275
59291
59299
59306
59312
59322
59336
59354
59355
59373
59397
59421
59428
59462
59469
59480
59492
59596
59598
59603
59607
59677
59701
59706
59709
59711
59763
59764
59845
59903
59962
59969
59983
60002
60025
60034
60144
60168
60184
60221
60222
60277
60339
60345
60370
60377
60378
60407
60467
60527
60532
60543
60551
60553
60587
60607
60609
60641
60707
60709
60724
60730
60754
60760
60768
60774
60790
60811
60860
60908
60922
60937
60945
60992
61068
61074
61076
61087
61139
61168
61241
61283
61288
61334
61375
61377
61410
61416
61419
61421
61472
61479
61490
61541
61543
61601
61653
61660
61665
61668
61669
61680
61697
61719
61795
61883
61884
61913
61920
61955
61963
61976
61977
61982
62016
62048
62107
62376
62380
62394
62398
62406
62410
62441
62447
62448
62470
62612
62653
62657
62658
62751
62752
62772
62776
62808
62823
62824
62825
62826
62831
62850
62917
62925
62977
62981
63059
63089
63095
63096
63105
63128
63130
63131
63199
63200
63201
63242
63252
63253
63350
63351
63352
63432
63531
63534
63536
63591
63607
63623
63625
63645
63649
63668
63746
63751
63828
63844
63849
63857
63858
63869
63941
63955
63971
63979
64068
64075
64150
64249
64281
64288
64322
64346
64350
64354
64373
64428
64439
64466
64469
64493
64510
64526
64568
64573
64575
64577
64598
64599
64602
64604
64605
64606
64609
64690
64721
64730
64741
64768
64818
64821
64845
64851
64855
64933
65046
65130
65152
65206
65225
65227
65235
65236
65275
65311
65315
65323
65326
65362
65363
65367
65383
65384
65388
65389
65437
65438
65515
65536
65538
65549
65616
65625
65631
65639
65649
65664
65667
65727
65731
65747
65802
65805
65830
65832
65901
65924
65946
65960
65961
65962
65987
65988
66075
66089
66090
66101
66107
66132
66148
66149
66163
66170
66260
66366
66379
66409
66410
66424
66439
66465
66488
66489
66503
66515
66550
66552
66637
66680
66681
66734
66758
66764
66790
66840
66934
66963
66995
67005
67017
67053
67126
67164
67171
67174
67224
67226
67265
67274
67278
67281
67378
67388
67431
67435
67438
67449
67503
67554
67580
67585
67619
67624
67648
67658
67661
67663
67678
67708
67783
67785
67812
67827
67830
67831
67852
67855
67966
68024
68094
68164
68173
68212
68228
68235
68238
68250
68269
68274
68310
68324
68334
68382
68383
68384
68419
68572
68573
68574
68604
68614
68645
68693
68731
68774
68805
68806
68893
68914
68960
68987
68999
69013
69018
69022
69082
69086
69106
69141
69153
69178
69180
69182
69188
69258
69278
69279
69289
69291
69324
69374
69377
69410
69440
69498
69504
69505
69512
69561
69672
69708
69742
69801
69873
69874
69877
69950
70071
70083
70086
70087
70088
70125
70174
70249
70320
70321
70341
70344
70438
70445
70488
70619
70637
70706
70739
70889
70968
71009
71055
71101
71109
71111
71112
71322
71326
71340
71367
71394
71404
71498
71501
71537
71540
71543
71621
71705
71721
71743
71744
71795
71871
71877
71879
71882
71922
71991
72010
72018
72043
72148
72153
72155
72201
72231
72248
72252
72294
72304
72305
72351
72354
72355
72372
72373
72450
72485
72498
72507
72540
72575
72585
72587
72600
72604
72662
72665
72881
72888
72891
72912
72913
72914
72923
72962
73016
73032
73033
73169
73190
73284
73288
73292
73310
73334
73337
73339
73384
73388
73397
73413
73545
73617
73648
73683
73702
73705
73706
73720
73726
73727
73734
73784
73884
73886
73912
73928
74080
74095
74096
74123
74134
74195
74261
74321
74327
74334
74348
74357
74405
74462
74466
74467
74480
74483
74487
74488
74505
74580
74581
74626
74712
74713
74770
74817
74912
74913
74923
74945
74972
75045
75177
75182
75185
75211
75240
75250
75287
75321
75338
75383
75405
75459
75477
75528
75591
75593
75713
75724
75725
75732
75735
75747
75756
75769
75813
75816
75859
75908
75909
75936
75987
75988
75989
75994
76020
76025
76056
76092
76101
76128
76136
76230
76263
76268
76289
76290
76307
76310
76311
76331
76333
76359
76391
76398
76399
76481
76482
76483
76523
76543
76562
76566
76571
76599
76654
76751
76767
76772
76779
76780
76808
76809
76850
76889
76920
76936
76944
76950
77039
77067
77095
77097
77184
77220
77236
77375
77433
77451
77459
77490
77491
77496
77509
77522
77558
77584
77592
77594
77629
77636
77637
77643
77708
77717
77726
77750
77793
77842
77855
77864
77868
77938
77939
78055
78087
78120
78166
78172
78210
78226
78228
78258
78352
78451
78459
78464
78474
78501
78504
78514
78563
78565
78567
78665
78699
78700
78705
78709
78710
78711
78732
78735
78740
78743
78780
78791
78801
78872
78890
78893
78919
78962
78986
78989
78994
79007
79047
79083
79122
79128
79169
79173
79174
79208
79245
79314
79321
79322
79350
79356
79363
79379
79428
79485
79488
79493
79519
79523
79524
79539
79564
79627
79652
79675
79679
79687
79695
79696
79754
79770
79773
79784
79798
79805
79809
79899
79924
79939
79961
79974
79998
80024
80027
80047
80054
80055
80066
80067
80107
80154
80165
80219
80247
80289
80303
80412
80414
80415
80492
80495
80516
80585
80604
80673
80757
80762
80846
80970
80973
80976
81063
81065
81073
81099
81119
81132
81149
81157
81192
81221
81228
81260
81262
81290
81310
81316
81390
81438
81447
81448
81452
81456
81457
81496
81538
81539
81555
81582
81591
81604
81606
81670
81700
81702
81717
81721
81755
81854
81859
81883
81973
81986
82056
82107
82115
82176
82280
82351
82386
82421
82434
82435
82436
82640
82676
82690
82694
82738
82748
82750
82814
82827
82828
82834
82846
82865
82878
82893
82915
82953
82999
83062
83106
83107
83233
83267
83283
83292
83296
83344
83366
83381
83426
83439
83446
83451
83452
83462
83516
83573
83578
83622
83633
83636
83661
83690
83691
83706
83711
83713
83716
83765
83825
83858
83864
83865
83889
83890
83906
83926
83948
84024
84025
84192
84294
84380
84386
84392
84429
84493
84643
84650
84879
84886
84927
85161
85170
85254
85302
85305
85379
85418
85419
85435
85436
85445
85446
85449
85493
85517
85546
85548
85551
85560
85564
85567
85726
85729
85734
85735
85747
85803
85809
85919
85927
85948
85987
86008
86104
86108
86132
86145
86159
86160
86172
86184
86193
86194
86199
86201
86205
86206
86215
86247
86254
86299
86356
86362
86367
86368
86392
86472
86512
86648
86658
86748
86762
86764
86802
86817
86818
86829
86832
86852
86854
86908
86918
86921
86923
86939
86945
87022
87056
87066
87071
87132
87194
87250
87271
87353
87528
87563
87577
87595
87615
87639
87644
87648
87713
87715
87750
87795
87836
87923
87925
87985
88029
88097
88115
88120
88128
88130
88173
88206
88212
88218
88222
88240
88256
88261
88267
88289
88290
88295
88318
88330
88344
88361
88371
88439
88480
88485
88487
88488
88568
88675
88702
88703
88708
88728
88755
88774
88778
88842
88856
88900
88912
88915
88918
88975
88976
89025
89032
89034
89095
89128
89156
89187
89196
89199
89264
89325
89326
89356
89384
89399
89412
89416
89473
89489
89495
89502
89535
89546
89559
89608
89613
89616
89725
89728
89730
89738
89884
89903
89917
89953
89956
90018
90022
90028
90109
90138
90140
90175
90204
90237
90296
90338
90343
90371
90385
90402
90452
90456
90457
90479
90528
90621
90627
90648
90719
90769
90881
90886
90929
90931
90948
90976
91074
91083
91085
91132
91182
91234
91238
91262
91286
91290
91294
91372
91382
91391
91467
91470
91514
91517
91527
91577
91578
91579
91628
91665
91681
91685
91804
91836
91854
92040
92052
92067
92092
92105
92242
92246
92247
92289
92337
92343
92559
92574
92585
92679
92694
92699
92702
92704
92723
92758
92760
92762
92792
92813
92844
92866
92891
92935
92944
93070
93109
93187
93207
93211
93335
93351
93360
93361
93514
93520
93538
93560
93561
93585
93636
93640
93767
93771
93787
93788
93795
93835
93853
93897
93966
94051
94065
94106
94155
94169
94174
94177
94210
94283
94284
94369
94376
94401
94427
94449
94466
94483
94526
94545
94602
94605
94625
94630
94633
94668
94683
94736
94740
94772
94800
94826
94854
94886
94916
94948
94975
95040
95041
95045
95060
95102
95104
95105
95119
95137
95166
95177
95238
95266
95301
95325
95330
95345
95350
95360
95467
95472
95473
95478
95483
95484
95496
95532
95553
95582
95630
95631
95680
95773
95774
95779
95808
95823
95824
95829
95832
95834
95869
95907
95999
96041
96042
96063
96084
96089
96092
96124
96152
96161
96196
96200
96213
96272
96283
96290
96330
96339
96341
96376
96377
96379
96380
96392
96400
96433
96441
96443
96475
96570
96619
96620
96726
96728
96729
96808
96815
96856
96872
96936
96940
96941
96992
96993
97119
97128
97141
97166
97168
97245
97284
97321
97389
97391
97426
97427
97435
97448
97526
97527
97662
97679
97688
97691
97695
97866
97868
97899
97916
97917
97925
98036
98068
98124
98128
98153
98161
98174
98203
98205
98206
98207
98217
98349
98360
98388
98420
98448
98463
98477
98486
98573
98600
98618
98662
98714
98750
98766
98807
98810
98811
98968
98988
99029
99044
99109
99122
99182
99197
99322
99326
99345
99396
99409
99415
99416
99424
99426
99429
99437
99442
99501
99532
99688
99699
99714
99715
99845
99885
99924
99946
100021
100057
100108
100128
100160
100185
100187
100188
100247
100250
100259
100348
100406
100416
100418
100486
100498
100527
100535
100536
100571
100579
100582
100598
100613
100683
100703
100755
100757
100780
100817
100871
100881
100882
100883
100913
100916
100958
101036
101076
101148
101221
101242
101316
101442
101448
101467
101668
101682
101683
101817
101852
101871
101895
101903
101945
102036
102040
102050
102056
102132
102135
102136
102145
102216
102287
102289
102298
102312
102319
102323
102335
102361
102380
102435
102451
102490
102532
102535
102548
102588
102620
102695
102711
102730
102736
102737
102769
102770
102771
102781
102789
102831
102847
102905
102950
102954
102979
102980
102981
102985
102986
102991
103022
103023
103114
103215
103216
103264
103267
103284
103285
103287
103343
103353
103424
103426
103492
103533
103570
103624
103627
103629
103630
103671
103686
103695
103714
103748
103766
103792
103845
103850
103899
103980
104005
104071
104093
104098
104112
104115
104191
104192
104224
104263
104324
104327
104330
104334
104416
104544
104563
104581
104583
104624
104712
104717
104852
105023
105062
105108
105241
105267
105315
105354
105369
105373
105386
105460
105595
105603
105605
105625
105694
105737
105761
105954
105972
105996
105999
106015
106186
106299
106303
106327
106399
106441
106540
106545
106575
106593
106621
106731
106742
106846
106915
106967
106971
106974
107078
107102
107137
107170
107194
107201
107223
107270
107275
107276
107277
107415
107428
107430
107441
107451
107478
107483
107485
107515
107573
107601
107605
107609
107614
107615
107656
107662
107664
107665
107694
107696
107775
107851
107852
107901
107909
107944
107951
107952
108029
108030
108048
108115
108175
108176
108214
108245
108268
108287
108300
108302
108334
108338
108339
108413
108541
108545
108546
108617
108627
108644
108673
108676
108705
108706
108712
108719
108777
108779
108866
108872
108881
108923
108928
108929
108994
109015
109036
109043
109168
109238
109277
109302
109304
109313
109321
109398
109402
109403
109466
109517
109527
109569
109602
109655
109656
109666
109695
109748
109776
109784
109787
109833
109834
109887
109904
109915
109979
110008
110068
110070
110078
110079
110083
110116
110159
110160
110162
110191
110323
110346
110587
110617
110629
110643
110645
110648
110712
110766
110769
110819
110854
110878
110917
110949
111016
111039
111048
111072
111172
111233
111244
111250
111287
111288
111302
111316
111319
111334
111342
111392
111411
111449
111465
111472
111489
111520
111543
111606
111609
111613
111614
111615
111633
111702
111744
111762
111765
111767
111822
111874
111941
112034
112040
112065
112078
112083
112152
112161
112196
112198
112211
112244
112265
112270
112275
112276
112290
112317
112348
112393
112395
112481
112540
112584
112597
112638
112640
112736
112743
112815
112817
112823
112830
112831
112844
112851
112852
112872
112873
112917
112975
112976
112982
113048
113078
113115
113258
113267
113276
113491
113511
113532
113556
113560
113562
113563
113628
113650
113652
113660
113661
113745
113746
113762
113848
113861
113895
113910
113927
113928
113935
114009
114038
114066
114087
114099
114154
114165
114184
114186
114201
114202
114203
114254
114256
114257
114258
114285
114292
114338
114365
114411
114490
114507
114508
114557
114627
114648
114659
114711
114717
114721
114806
114839
114857
114883
114889
114939
114996
115046
115073
115082
115087
115106
115144
115179
115187
115188
115208
115282
115285
115286
115304
115313
115315
115316
115398
115418
115424
115543
115546
115605
115608
115640
115707
115732
115756
115758
115769
115772
115798
115806
115826
115829
115831
115832
115844
115866
115870
115902
115905
115926
115938
115972
115975
115986
116003
116008
116011
116053
116226
116279
116280
116298
116313
116336
116404
116410
116507
116580
116596
116606
116613
116614
116631
116654
116772
116773
116783
116784
116812
116816
116839
116952
116956
117006
117010
117025
117033
117037
117063
117200
117247
117252
117259
117260
117311
117362
117363
117364
117390
117396
117463
117470
117471
117545
117597
117638
117675
117702
117723
117752
117775
117792
117797
117798
117831
117901
118007
118015
118211
118394
118403
118405
118429
118433
118522
118524
118583
118621
118712
118801
118819
118820
118864
118875
118978
118990
119028
119055
119057
119085
119087
119098
119107
119110
119212
119265
119266
119300
119308
119310
119329
119337
119347
119390
119424
119451
119488
119628
119744
119767
119875
119890
119986
119990
119992
120026
120029
120034
120073
120081
120093
120130
120135
120153
120210
120248
120322
120326
120329
120362
120364
120365
120366
120391
120397
120402
120418
120422
120426
120480
120530
120580
120610
120611
120615
120753
120761
120789
120832
120879
120906
120928
120930
120960
121011
121017
121019
121105
121109
121113
121117
121162
121166
121168
121215
121220
121235
121259
121315
121342
121366
121393
121400
121458
121461
121466
121471
121498
121580
121665
121666
121673
121683
121802
121833
121880
121884
121937
122082
122111
122126
122128
122174
122227
122319
122340
122349
122440
122525
122590
122606
122607
122647
122763
122775
122879
122883
122920
123029
123032
123099
123105
123106
123112
123163
123193
123225
123267
123272
123366
123367
123403
123460
123463
123467
123473
123534
123536
123537
123602
123678
123728
123754
123781
123793
123813
123851
123855
123860
123861
123887
123904
124019
124059
124061
124062
124113
124185
124190
124191
124206
124212
124259
124266
124269
124270
124283
124305
124375
124419
124421
124466
124486
124628
124658
124701
124728
124765
124771
124790
124996
125015
125034
125039
125040
125067
125150
125167
125168
125181
125280
125298
125302
125309
125313
125334
125389
125394
125421
125462
125463
125469
125492
125559
125637
125644
125791
125811
125819
125840
125847
125896
125900
125907
125981
126090
126103
126236
126259
126273
126289
126410
126411
126466
126524
126532
126536
126620
126639
126659
126664
126704
126709
126721
126722
126781
126782
126788
126809
126810
126859
126899
126926
126962
126969
126971
126988
126998
127026
127079
127130
127150
127181
127182
127294
127297
127392
127563
127617
127619
127658
127668
127725
127731
127755
127822
127832
127869
127927
127931
127932
127933
127944
127981
128110
128127
128128
128134
128182
128184
128185
128194
128199
128218
128294
128299
128458
128490
128571
128582
128623
128626
128627
128794
128797
128991
129006
129009
129010
129023
129045
129048
129091
129093
129124
129125
129158
129170
129217
129224
129226
129244
129253
129257
129282
129283
129362
129369
129371
129385
129442
129540
129591
129727
129737
129748
129749
129751
129752
129824
129932
129969
129997
129998
129999
130000
130023
130067
130151
130188
130209
130231
130235
130310
130322
130331
130421
130509
130542
130611
130671
130680
130726
130888
130892
130928
130940
130957
131017
131082
131091
131233
131235
131304
131305
131347
131352
131353
131532
131537
131612
131690
131713
131761
131772
131788
131840
131861
131875
131892
131906
132046
132082
132102
132212
132230
132313
132356
132375
132379
132400
132402
132403
132454
132481
132482
132544
132606
132611
132612
132797
132846
132861
132873
132881
132938
132991
132992
133028
133031
133040
133041
133051
133102
133117
133156
133166
133175
133183
133184
133191
133193
133229
133230
133231
133236
133272
133311
133315
133379
133397
133430
133437
133465
133529
133618
133626
133644
133680
133723
133727
133736
133743
133784
133815
133853
133916
133921
133982
134009
134016
134018
134128
134261
134270
134272
134273
134274
134339
134342
134422
134432
134473
134514
134518
134521
134523
134528
134529
134530
134531
134613
134730
134734
134798
134811
134830
134846
134858
134910
134950
135053
135155
135184
135237
135270
135298
135434
135475
135545
135554
135556
135588
135675
135776
135782
135838
136002
136007
136036
136041
136047
136064
136079
136141
136148
136153
136219
136251
136312
136338
136481
136490
136496
136510
136513
136525
136527
136544
136688
136844
136847
136865
136923
136992
137013
137087
137095
137111
137136
137137
137166
137256
137337
137362
137414
137448
137454
137455
137479
137510
137693
137719
137722
137891
137910
137955
138012
138017
138039
138046
138072
138084
138086
138089
138091
138092
138119
138174
138175
138183
138186
138260
138262
138263
138285
138326
138330
138353
138397
138422
138423
138424
138509
138573
138579
138580
138629
138632
138678
138686
138704
138705
138733
138740
138783
138903
138907
138938
138953
139004
139051
139100
139157
139307
139330
139331
139332
139336
139403
139404
139405
139554
139558
139582
139587
139615
139664
139706
139731
139732
139733
139745
139799
139815
139895
139898
139900
139901
139918
139949
140094
140127
140128
140180
140183
140252
140260
140277
140279
140390
140393
140415
140423
140436
140537
140542
140581
140582
140690
140691
140693
140745
140870
140879
140886
140911
140916
140961
141007
141014
141029
141031
141056
141082
141090
141096
141103
141111
141167
141229
141250
141254
141271
141308
141320
141338
141341
141342
141348
141370
141473
141481
141483
141515
141518
141583
141586
141588
141589
141601
141695
141780
141856
141888
141890
141903
141911
141948
141958
141963
141965
141983
141985
141986
142027
142097
142109
142112
142115
142175
142220
142279
142319
142320
142322
142325
142358
142457
142479
142480
142549
142588
142595
142623
142624
142676
142714
142853
142862
142877
142960
142970
143010
143031
143078
143103
143104
143110
143127
143142
143166
143223
143238
143352
143358
143365
143370
143438
143547
143576
143577
143578
143625
143662
143671
143675
143688
143689
143776
143831
143878
143882
143883
143889
143910
143978
143981
144083
144088
144103
144120
144132
144256
144398
144591
144602
144609
144709
144715
144721
144722
144795
144849
144852
144853
144882
144947
144950
144996
145028
145033
145060
145079
145080
145093
145171
145175
145180
145181
145352
145439
145443
145448
145457
145459
145592
145604
145606
145609
145693
145780
145783
145786
145867
145882
145899
145931
145933
145970
146063
146072
146076
146101
146102
146142
146154
146232
146294
146300
146301
146302
146318
146368
146408
146411
146412
146413
146466
146557
146588
146626
146653
146654
146670
146678
146687
146779
146809
146817
146873
146981
146995
146996
147021
147035
147054
147059
147077
147161
147167
147188
147222
147410
147412
147432
147437
147465
147536
147538
147582
147672
147699
147725
147771
147828
147865
147902
147914
147915
147917
147994
148093
148220
148232
148246
148249
148296
148317
148378
148379
148404
148407
148682
148719
148723
148743
148842
148891
148914
148919
148991
149037
149098
149101
149143
149145
149168
149176
149250
149329
149337
149351
149359
149367
149420
149512
149524
149549
149551
149552
149586
149610
149625
149693
149729
149824
149866
149867
149868
149869
149870
149871
149872
149873
149874
149875
149876
149877
149878
149879
149880
149881
149882
149883
149884
149885
149886
149887
149888
149889
149890
149902
149903
149920
149934
149986
149990
150050
150119
150133
150134
150145
150149
150175
150245
150252
150342
150387
150394
150411
150412
150432
150449
150463
150481
150492
150494
150560
150580
150615
150655
150662
150784
150794
150795
150855
150857
150904
151016
151017
151049
151051
151094
151137
151170
151172
151232
151261
151331
151342
151344
151345
151392
151401
151508
151543
151549
151551
151573
151646
151672
151727
151808
151809
151816
151824
151826
151932
151957
151983
152040
152057
152061
152169
152181
152189
152214
152267
152268
152288
152289
152367
152395
152404
152409
152425
152506
152508
152548
152550
152582
152585
152670
152688
152689
152690
152712
152802
152832
152874
153085
153086
153095
153241
153317
153475
153531
153544
153547
153548
153586
153656
153693
153732
153733
153786
153831
153908
153925
153964
153982
153983
154025
154082
154150
154235
154268
154305
154368
154401
154426
154453
154544
154645
154700
154812
154824
154846
154850
154873
154889
154930
154933
154934
155162
155175
155216
155287
155378
155384
155388
155480
155485
155553
155575
155632
155685
155924
155956
155964
155996
156000
156003
156013
156176
156177
156181
156268
156269
156275
156327
156561
156633
156638
156699
156734
156737
156741
156907
156933
156950
156956
157039
157052
157065
157111
157124
157143
157186
157209
157210
157211
157226
157315
157327
157398
157416
157430
157433
157453
157556
157570
157572
157583
157586
157587
157618
157684
157689
157695
157697
157698
157779
157879
157960
157961
157966
157968
157969
157976
158005
158006
158141
158287
158322
158367
158500
158514
158555
158556
158557
158559
158560
158624
158691
158722
158829
158844
158845
158867
158886
158936
158940
158951
158960
158963
158968
159042
159107
159114
159124
159146
159229
159286
159299
159306
159311
159332
159400
159430
159450
159484
159487
159489
159535
159552
159561
159572
159589
159609
159612
159666
159670
159672
159673
159688
159689
159753
159954
160086
160088
160187
160252
160275
160332
160334
160350
160352
160359
160385
160391
160479
160482
160495
160505
160508
160526
160559
160591
160593
160644
160657
160725
160855
160896
160991
161170
161210
161256
161274
161277
161282
161292
161315
161318
161321
161358
161525
161527
161528
161585
161606
161607
161634
161791
161862
161869
161892
161898
161904
161922
161942
161947
161975
161995
162041
162051
162097
162121
162126
162135
162137
162138
162179
162222
162223
162231
162242
162270
162393
162395
162398
162400
162482
162483
162486
162487
162641
162698
162722
162789
162795
162796
162798
162817
162846
162874
162875
162914
162916
162917
162926
162928
162968
163142
163143
163152
163241
163242
163259
163294
163341
163393
163405
163408
163409
163444
163479
163498
163553
163573
163662
163666
163695
163772
163852
163854
164046
164066
164071
164092
164106
164217
164229
164235
164239
164254
164261
164269
164323
164383
164384
164399
164410
164428
164433
164436
164437
164438
164456
164553
164557
164580
164583
164606
164642
164645
164779
164780
164785
164792
164812
164825
164923
164943
164944
165036
165037
165068
165071
165178
165182
165203
165206
165207
165239
165241
165292
165295
165398
165400
165401
165418
165491
165515
165526
165534
165546
165557
165702
165801
165833
165900
165905
166010
166021
166033
166054
166056
166057
166177
166267
166268
166298
166302
166328
166347
166353
166354
166373
166389
166393
166476
166566
166575
166622
166624
166625
166665
166676
166684
166691
166739
166811
166874
166941
166950
166956
166964
167085
167110
167142
167148
167198
167212
167393
167425
167431
167437
167439
167454
167461
167544
167606
167665
167703
167709
167714
167716
167717
167761
167796
167871
167875
167893
167942
167965
167992
167996
168000
168114
168116
168149
168209
168214
168260
168261
168284
168440
168445
168739
168767
168783
168788
168820
168843
168844
168845
168893
168906
169028
169032
169038
169046
169072
169131
169153
169219
169222
169267
169279
169295
169376
169540
169551
169603
169685
169701
169725
169726
169800
169808
169810
169871
169874
169897
169925
169956
170072
170159
170291
170504
170506
170507
170580
170612
170645
170667
170699
170763
170800
170824
170874
170910
170915
171038
171082
171083
171084
171085
171105
171279
171287
171289
171316
171317
171334
171395
171443
171449
171476
171497
171549
171671
171675
171680
171681
171728
171760
171779
171782
171930
172040
172223
172230
172255
172317
172331
172333
172336
172375
172417
172459
172466
172469
172492
172522
172526
172528
172529
172545
172547
172556
172590
172595
172801
172824
172826
172830
172831
172916
172919
172955
173028
173037
173056
173146
173229
173243
173258
173270
173271
173322
173326
173374
173394
173441
173503
173518
173524
173577
173676
173685
173741
173746
173770
173810
173856
173886
173922
174021
174095
174099
174127
174128
174132
174162
174184
174189
174242
174279
174281
174413
174444
174497
174501
174544
174553
174555
174559
174593
174595
174596
174598
174605
174616
174636
174667
174696
174713
174716
174728
174736
174794
174842
174854
174855
174856
174893
174895
174974
174980
174990
174991
175014
175018
175135
175180
175223
175226
175227
175368
175372
175373
175401
175415
175426
175452
175549
175596
175602
175603
175616
175635
175637
175830
175957
176001
176055
176063
176070
176090
176092
176170
176225
176253
176258
176260
176275
176276
176342
176344
176374
176419
176477
176508
176509
176566
176567
176571
176591
176813
176834
176850
176856
176862
176864
176865
176899
177004
177025
177078
177150
177165
177195
177239
177272
177273
177277
177326
177359
177505
177525
177551
177583
177617
177637
177705
177728
177746
177780
177813
177842
177851
177915
177918
177954
177968
178094
178102
178114
178140
178267
178353
178360
178362
178363
178397
178461
178512
178534
178554
178555
178567
178611
178618
178622
178633
178754
178785
178794
178823
178852
178865
178867
178955
178980
178983
178991
178992
179041
179050
179054
179059
179143
179166
179167
179199
179237
179240
179273
179359
179362
179422
179428
179429
179430
179438
179519
179523
179612
179613
179614
179702
179710
179711
179715
179890
179892
179898
179906
179908
179909
179947
180003
180017
180018
180054
180063
180085
180171
180177
180178
180218
180220
180221
180244
180247
180274
180281
180343
180351
180417
180473
180548
180628
180714
180726
180763
180777
180791
180868
180884
180888
180906
180951
180972
181089
181113
181136
181183
181186
181197
181201
181209
181227
181337
181347
181389
181469
181510
181513
181550
181556
181560
181564
181580
181592
181594
181617
181618
181620
181622
181623
181643
181661
181662
181663
181664
181670
181682
181816
181829
181860
182003
182004
182175
182359
182367
182373
182394
182401
182441
182621
182655
182656
182663
182673
182751
182755
182837
182844
182876
182950
182999
183040
183096
183102
183168
183169
183200
183222
183224
183227
183237
183238
183239
183253
183294
183306
183371
183378
183387
183388
183422
183569
183689
183850
183851
183980
183984
183991
183992
184019
184030
184158
184167
184176
184324
184325
184371
184422
184431
184551
184556
184561
184604
184607
184608
184620
184625
184629
184674
184826
184844
184849
184855
184883
185015
185111
185115
185117
185127
185206
185210
185246
185321
185370
185404
185410
185504
185525
185547
185633
185692
185704
185706
185710
185761
185778
185784
185796
185799
185872
185883
185887
185892
185918
185948
186040
186229
186254
186287
186514
186529
186574
186576
186589
186605
186614
186621
186650
186653
186681
186701
186712
186742
186783
186794
186795
186796
186888
186889
186906
186928
186934
186954
186969
187081
187152
187159
187163
187244
187294
187306
187342
187351
187360
187363
187365
187379
187381
187468
187478
187535
187577
187584
187609
187610
187611
187654
187659
187660
187724
187815
187888
187890
187919
187920
187952
187954
187955
187980
188000
188015
188133
188134
188157
188237
188238
188267
188278
188338
188458
188471
188475
188487
188488
188530
188541
188557
188560
188564
188565
188716
188739
188773
188785
188802
188803
188816
188937
188959
189008
189009
189048
189049
189060
189061
189090
189091
189170
189183
189237
189282
189297
189314
189355
189356
189386
189389
189390
189438
189486
189491
189497
189518
189531
189534
189571
189647
189705
189764
189814
189832
189834
189835
189978
190049
190119
190121
190122
190138
190142
190148
190188
190225
190277
190279
190282
190335
190337
190383
190388
190467
190478
190568
190569
190577
190606
190609
190610
190611
190625
190628
190640
190650
190651
190715
190740
190755
190765
190916
191037
191045
191060
191117
191166
191237
191291
191297
191339
191350
191351
191354
191367
191434
191448
191538
191574
191651
191800
191801
191849
191850
191856
191857
191863
191873
191882
191885
192052
192162
192166
192173
192174
192330
192344
192409
192411
192424
192545
192553
192563
192697
192701
192801
192808
192817
192988
193034
193043
193072
193073
193094
193143
193144
193145
193184
193237
193274
193282
193289
193396
193465
193488
193491
193496
193532
193577
193664
193669
193671
193675
193766
193774
193801
193847
193862
193866
193903
193909
194061
194097
194098
194100
194101
194109
194164
194169
194231
194262
194274
194289
194306
194311
194340
194367
194405
194458
194459
194538
194641
194812
194832
194838
194845
194905
195093
195101
195131
195139
195157
195182
195229
195279
195280
195282
195307
195308
195327
195395
195409
195410
195477
195479
195514
195567
195572
195718
195725
195726
195776
195814
195817
195820
195854
195855
195912
195946
195969
195970
196011
196025
196099
196113
196207
196322
196375
196376
196377
196458
196460
196462
196463
196621
196624
196649
196671
196713
196785
196840
196871
196935
196968
197027
197086
197236
197275
197276
197283
197309
197332
197390
197393
197411
197492
197502
197503
197549
197559
197561
197594
197623
197688
197966
197967
198031
198039
198056
198057
198109
198110
198170
198174
198263
198281
198282
198284
198360
198366
198389
198401
198409
198489
198562
198587
198603
198769
198770
198772
198791
198793
198795
198816
198839
198841
198858
198935
198937
198941
198944
198988
198989
199012
199105
199197
199205
199268
199274
199391
199401
199408
199411
199432
199433
199453
199516
199517
199565
199580
199618
199620
199662
199663
199807
199818
199820
199831
199832
200117
200205
200219
200222
200331
200338
200361
200426
200427
200482
200585
200591
200648
200657
200658
200659
200665
200684
200825
200861
200996
201150
201224
201276
201277
201430
201457
201459
201477
201530
201588
201604
201610
201622
201671
201674
201675
201726
201729
201731
201767
201810
201846
201847
201849
201902
201967
201990
201998
202000
202067
202097
202108
202109
202117
202119
202158
202178
202206
202236
202245
202264
202265
202266
202268
202302
202336
202371
202374
202380
202381
202430
202432
202496
202497
202501
202623
202629
202783
202802
202810
202852
202854
202919
202939
202940
202941
203027
203068
203106
203360
203372
203435
203463
203658
203674
203682
203772
203845
203846
203891
203928
203971
204041
204048
204079
204122
204149
204198
204238
204239
204374
204381
204382
204440
204448
204454
204598
204599
204605
204641
204649
204692
204695
204753
204789
204837
204880
204881
204899
205033
205061
205062
205083
205084
205132
205190
205208
205237
205252
205282
205286
205297
205322
205346
205347
205368
205423
205575
205576
205587
205613
205708
205749
205795
205805
205885
205974
206024
206059
206060
206137
206144
206145
206146
206147
206148
206149
206150
206151
206152
206153
206154
206155
206156
206157
206158
206159
206160
206161
206162
206163
206164
206177
206221
206225
206229
206230
206298
206299
206305
206306
206388
206469
206549
206621
206643
206647
206671
206672
206688
206779
206795
206941
207031
207035
207039
207040
207072
207074
207206
207211
207215
207263
207264
207272
207305
207339
207367
207369
207375
207395
207549
207552
207570
207586
207681
207682
207683
207720
207723
207724
207736
207821
207839
207846
207847
207929
208151
208173
208177
208179
208180
208362
208378
208428
208472
208476
208478
208508
208561
208565
208591
208649
208685
208731
208819
208885
208980
208981
208992
209011
209040
209041
209053
209101
209129
209136
209143
209144
209221
209313
209355
209366
209386
209404
209475
209476
209492
209555
209583
209648
209653
209658
209729
209742
209743
209763
209780
209781
209814
209820
209822
209852
209931
209973
209974
210015
210031
210032
210049
210054
210066
210067
210167
210235
210242
210295
210347
210349
210352
210353
210354
210355
210383
210385
210407
210490
210501
210502
210504
210538
210569
210606
210607
210730
210822
210873
210907
210947
210972
211053
211164
211176
211260
211262
211279
211292
211320
211378
211500
211608
211727
211797
211849
211875
211876
211877
211903
212067
212072
212145
212183
212211
212221
212222
212224
212264
212303
212339
212462
212477
212572
212589
212652
212653
212655
212656
212683
212709
212725
212729
212798
212800
212815
212816
212817
212878
212883
212949
212956
213005
213006
213129
213150
213160
213197
213204
213325
213339
213340
213434
213452
213459
213486
213488
213530
213612
213614
213638
213640
213703
213704
213750
213756
213798
213875
213878
213879
213894
213900
213966
214044
214082
214087
214105
214164
214184
214186
214198
214302
214304
214319
214331
214333
214336
214352
214353
214359
214366
214367
214394
214400
214405
214506
214628
214698
214700
214742
214754
214869
214870
214897
214898
215058
215072
215083
215109
215110
215126
215127
215136
215156
215213
215214
215218
215219
215242
215284
215355
215485
215486
215505
215550
215621
215662
215701
215706
215708
215709
215760
215779
215836
215843
215857
215934
215935
215979
216089
216090
216108
216110
216126
216128
216261
216272
216276
216277
216292
216368
216369
216421
216422
216464
216496
216503
216605
216638
216649
216671
216684
216696
216778
216779
216805
216808
216885
216917
216922
216961
216965
216966
216976
217021
217079
217081
217101
217280
217313
217314
217315
217358
217472
217481
217483
217484
217517
217640
217646
217647
217716
217754
217786
217792
217822
217842
217982
217985
217992
217994
218017
218039
218078
218159
218166
218167
218297
218303
218325
218375
218384
218408
218409
218413
218434
218435
218495
218496
218497
218675
218681
218715
218719
218730
218750
218782
218884
218889
219024
219042
219073
219074
219098
219169
219192
219224
219236
219238
219271
219297
219299
219360
219385
219439
219498
219507
219515
219516
219524
219642
219643
219649
219689
219766
219773
219775
219778
219830
219831
219951
219976
220030
220031
220032
220033
220071
220097
220109
220111
220155
220160
220161
220248
220319
220371
220379
220380
220417
220442
220621
220622
220707
220709
220710
220723
220726
220759
220806
220827
220920
220921
220922
220948
221133
221140
221144
221145
221184
221193
221222
221229
221345
221348
221351
221354
221356
221359
221456
221499
221684
221740
221750
221770
221802
221805
221810
221811
221865
221882
221887
221963
221964
221965
221966
221967
221968
221969
221970
221971
221972
221973
221974
221975
221976
221977
221978
221979
221980
221981
221982
221983
221984
221985
222001
222003
222127
222344
222350
222360
222365
222367
222517
222615
222626
222635
222693
222694
222703
222704
222708
222729
222730
222785
222847
222926
222952
222955
222987
222998
223027
223045
223061
223084
223093
223094
223110
223127
223144
223162
223196
223201
223413
223430
223431
223461
223578
223641
223670
223710
223712
223714
223804
223806
223807
223903
223916
224025
224089
224152
224153
224155
224156
224183
224199
224201
224214
224217
224218
224248
224249
224286
224293
224301
224313
224335
224350
224351
224367
224447
224510
224511
224512
224513
224514
224515
224516
224517
224518
224519
224520
224521
224522
224585
224586
224697
224807
224809
224810
224834
224835
224933
225018
225047
225166
225167
225174
225272
225325
225326
225341
225565
225567
225568
225574
225582
225601
225604
225745
225997
226016
226069
226071
226072
226160
226166
226170
226205
226213
226214
226259
226326
226336
226372
226373
226407
226437
226501
226528
226598
226616
226724
226737
226749
226755
226759
226791
226838
226839
226841
226843
226855
226916
226918
226929
227006
227012
227022
227024
227025
227083
227145
227151
227152
227178
227204
227205
227226
227227
227322
227331
227333
227340
227341
227448
227454
227458
227492
227493
227494
227541
227585
227594
227595
227611
227641
227643
227702
227741
227769
227774
227807
227836
227854
227881
227885
227892
227893
227924
227973
227990
228072
228175
228183
228211
228212
228216
228421
228592
228619
228630
228636
228675
228685
228762
228763
228789
228885
228906
228927
228928
228929
228934
228935
228972
228998
229003
229127
229175
229225
229232
229234
229312
229369
229396
229423
229429
229488
229489
229514
229526
229527
229565
229567
229572
229575
229593
229597
229609
229653
229689
229717
229725
229746
229748
229753
229756
229776
229777
229778
229785
229786
229829
229874
229891
229902
229908
229910
229911
229957
230087
230090
230091
230192
230239
230243
230255
230264
230265
230290
230361
230363
230378
230390
230402
230410
230414
230445
230446
230447
230495
230499
230500
230622
230631
230632
230659
230690
230711
230732
230734
230749
230854
230859
230872
230952
231046
231097
231107
231152
231156
231170
231263
231415
231417
231436
231492
231493
231494
231544
231552
231596
231598
231617
231631
231632
231641
231644
231737
231761
231774
231820
231848
231868
231875
231876
231982
231983
231987
231988
231989
232047
232063
232070
232071
232137
232157
232171
232243
232333
232334
232346
232372
232391
232468
232495
232497
232499
232551
232554
232684
232685
232752
232793
232799
232807
232830
232843
232887
232888
232898
232907
232951
233117
233126
233129
233130
233131
233197
233271
233358
233359
233360
233361
233422
233447
233451
233453
233454
233464
233486
233488
233501
233506
233593
233698
233699
233700
233701
233711
233715
233716
233777
233803
233912
233919
233932
233937
233938
233939
234001
234002
234021
234050
234051
234075
234096
234204
234337
234339
234352
234353
234421
234425
234426
234428
234542
234663
234669
234685
234788
234852
234899
234902
234907
234997
235016
235020
235025
235082
235105
235140
235148
235160
235196
235236
235246
235247
235277
235281
235315
235327
235329
235330
235342
235345
235364
235367
235372
235379
235387
235388
235473
235497
235511
235517
235562
235569
235573
235578
235582
235603
235617
235622
235630
235631
235648
235649
235650
235664
235670
235681
235904
235909
235910
235978
235984
235985
236069
236075
236076
236158
236174
236185
236190
236228
236258
236336
236337
236361
236398
236407
236408
236463
236483
236486
236497
236547
236568
236598
236704
236723
236724
236746
236848
236879
236948
236949
236997
237198
237204
237214
237216
237236
237244
237251
237254
237258
237259
237271
237294
237387
237395
237399
237437
237452
237476
237482
237564
237566
237576
237671
237687
237711
237753
237866
237867
237868
237871
237875
237882
237883
237885
237971
237974
238040
238043
238061
238200
238215
238329
238330
238421
238423
238424
238522
238524
238542
238587
238627
238628
238646
238651
238658
238717
238724
238725
238726
238750
238772
238795
238798
238827
238829
238830
238839
238881
238890
238891
238911
238913
238914
238921
238950
239049
239213
239235
239236
239254
239268
239277
239292
239299
239300
239334
239335
239339
239362
239409
239425
239699
239736
239753
239813
239815
239816
239855
239858
239859
239920
239921
239947
239977
240022
240023
240034
240083
240155
240164
240167
240183
240199
240202
240211
240221
240224
240229
240290
240291
240449
240511
240516
240520
240523
240539
240627
240633
240752
240753
240757
240760
240780
240805
240813
240872
240906
240907
240955
241035
241042
241053
241184
241185
241232
241241
241242
241259
241261
241262
241309
241317
241320
241366
241448
241464
241467
241493
241494
241505
241634
241663
241690
241700
241720
241721
241724
241726
241731
241930
241964
241987
242000
242001
242018
242107
242117
242145
242153
242158
242162
242163
242164
242165
242166
242167
242168
242169
242170
242171
242172
242173
242174
242175
242176
242177
242178
242179
242180
242181
242182
242183
242184
242185
242186
242187
242188
242189
242307
242309
242326
242327
242328
242333
242471
242472
242574
242575
242588
242642
242643
242663
242680
242757
242771
242773
242825
242838
242867
242941
242951
242957
242992
243067
243073
243078
243109
243137
243143
243175
243177
243254
243255
243343
243344
243345
243371
243392
243394
243395
243404
243405
243414
243420
243480
243489
243493
243497
243505
243507
243529
243546
243551
243591
243593
243654
243663
243668
243670
243671
243692
243725
243726
243727
243728
243729
243730
243731
243732
243733
243734
243735
243736
243737
243738
243739
243740
243741
243742
243743
243744
243798
243800
243801
243819
243882
243944
244019
244021
244040
244151
244155
244174
244179
244184
244431
244453
244454
244478
244480
244521
244524
244540
244541
244543
244548
244549
244561
244564
244565
244568
244622
244651
244654
244713
244724
244729
244812
244896
244988
244989
245029
245088
245092
245136
245190
245191
245197
245203
245217
245229
245249
245255
245323
245338
245339
245434
245437
245453
245474
245477
245478
245500
245502
245503
245657
245659
245745
245805
245806
245813
245814
245815
245816
245817
245818
245819
245820
245821
245822
245823
245824
245825
245826
245827
245828
245829
245830
245831
245832
245833
245834
245835
245836
245837
245838
245839
245840
245841
245842
245843
245844
245845
245846
245847
245848
245849
245850
245851
245852
245853
245854
245855
245856
245857
245858
245859
245860
245861
245862
245863
245864
245865
245866
245867
245868
245869
245870
245871
245872
245873
245874
245875
245876
245877
245878
245879
245880
245881
245968
245998
246008
246030
246083
246145
246183
246211
246324
246368
246371
246429
246433
246434
246548
246572
246575
246673
246750
246839
247088
247089
247090
247091
247096
247112
247123
247124
247133
247176
247238
247239
247240
247241
247242
247243
247244
247245
247246
247247
247248
247249
247250
247251
247252
247253
247254
247255
247257
247258
247259
247260
247261
247262
247263
247264
247265
247266
247267
247268
247269
247270
247271
247272
247273
247274
247275
247276
247277
247278
247279
247280
247281
247282
247283
247284
247342
247343
247359
247361
247488
247513
247514
247515
247516
247517
247518
247519
247520
247521
247522
247523
247524
247525
247526
247527
247528
247529
247530
247531
247532
247533
247534
247535
247536
247537
247538
247539
247540
247541
247542
247543
247544
247545
247546
247547
247548
247549
247550
247551
247552
247553
247554
247555
247735
247736
247737
247738
247739
247740
247741
247742
247743
247744
247745
247746
247747
247748
247749
247750
247751
247752
247753
247754
247755
247756
247757
247758
247759
247760
247761
247762
